/*
	Built lovingly with wfparse
 */
class WF_BlockB_Cube_019{
	gl_stride = null;
	gl_data = null;
	gl_material = null;
	constructor(){
		this.gl_material = [
			'StoneMaterial',
			225.000000,
			[1.000000, 1.000000, 1.000000],
			[0.013259, 0.783611, 0.728369],
			[0.500000, 0.500000, 0.500000],
			[0.000000, 0.000000, 0.000000],
			1.450000,
			1.000000,
			0.000000,
			'',
		];
		this.gl_stride = 0;
		this.gl_data = [
			[0.855930,0.000534,5.802452,-1.000000,0.000000,0.000000,0.375000,0.000000,],
			[0.855930,0.237397,5.802452,-1.000000,0.000000,0.000000,0.625000,0.000000,],
			[0.855930,0.237397,5.514532,-1.000000,0.000000,0.000000,0.625000,0.250000,],
			[0.855930,0.000534,5.514532,-1.000000,0.000000,0.000000,0.375000,0.250000,],
			[0.855930,0.000534,5.514532,0.000000,0.000000,-1.000000,0.125000,0.500000,],
			[0.855930,0.237397,5.514532,0.000000,0.000000,-1.000000,0.875000,0.500000,],
			[0.998797,0.237397,5.514532,0.000000,0.000000,-1.000000,0.625000,0.500000,],
			[0.998797,0.000534,5.514532,0.000000,0.000000,-1.000000,0.375000,0.500000,],
			[0.998797,0.000534,5.514532,1.000000,0.000000,0.000000,0.375000,0.500000,],
			[0.998797,0.237397,5.514532,1.000000,0.000000,0.000000,0.625000,0.500000,],
			[0.998797,0.237397,5.802452,1.000000,0.000000,0.000000,0.625000,0.750000,],
			[0.998797,0.000534,5.802452,1.000000,0.000000,0.000000,0.375000,0.750000,],
			[0.998797,0.000534,5.802452,0.000000,0.000000,1.000000,0.375000,0.750000,],
			[0.998797,0.237397,5.802452,0.000000,0.000000,1.000000,0.625000,0.750000,],
			[0.855930,0.237397,5.802452,0.000000,0.000000,1.000000,0.625000,1.000000,],
			[0.855930,0.000534,5.802452,0.000000,0.000000,1.000000,0.375000,1.000000,],
			[0.855930,0.000534,5.514532,0.000000,-1.000000,0.000000,0.125000,0.500000,],
			[0.998797,0.000534,5.514532,0.000000,-1.000000,0.000000,0.375000,0.500000,],
			[0.998797,0.000534,5.802452,0.000000,-1.000000,0.000000,0.375000,0.750000,],
			[0.855930,0.000534,5.802452,0.000000,-1.000000,0.000000,0.125000,0.750000,],
			[0.998797,0.237397,5.514532,0.000000,1.000000,0.000000,0.625000,0.500000,],
			[0.855930,0.237397,5.514532,0.000000,1.000000,0.000000,0.875000,0.500000,],
			[0.855930,0.237397,5.802452,0.000000,1.000000,0.000000,0.875000,0.750000,],
			[0.998797,0.237397,5.802452,0.000000,1.000000,0.000000,0.625000,0.750000,],
		];
	}
	getMaterialName(){return this.gl_material[0];}
	getMaterialNs(){return this.gl_material[1];}
	getMaterialKa(){return this.gl_material[2];}
	getMaterialKd(){return this.gl_material[3];}
	getMaterialKs(){return this.gl_material[4];}
	getMaterialKe(){return this.gl_material[5];}
	getMaterialNi(){return this.gl_material[6];}
	getMaterialD(){return this.gl_material[7];}
	getMaterialIllum(){return this.gl_material[8];}
	getMaterialMapKd(){return this.gl_material[9];}
}
let wf_BlockB_Cube_019 = new WF_BlockB_Cube_019();
/*
	Built lovingly with wfparse
 */
class WF_BlockA_001_Cube_023{
	gl_stride = null;
	gl_data = null;
	gl_material = null;
	constructor(){
		this.gl_material = [
			'StoneMaterial',
			225.000000,
			[1.000000, 1.000000, 1.000000],
			[0.013259, 0.783611, 0.728369],
			[0.500000, 0.500000, 0.500000],
			[0.000000, 0.000000, 0.000000],
			1.450000,
			1.000000,
			0.000000,
			'',
		];
		this.gl_stride = 0;
		this.gl_data = [
			[0.855112,0.000534,5.501348,-1.000000,0.000000,0.000000,0.375000,0.000000,],
			[0.855112,0.237397,5.501348,-1.000000,0.000000,0.000000,0.625000,0.000000,],
			[0.855112,0.237397,5.103964,-1.000000,0.000000,0.000000,0.625000,0.250000,],
			[0.855112,0.000534,5.103964,-1.000000,0.000000,0.000000,0.375000,0.250000,],
			[0.855112,0.000534,5.103964,0.000000,0.000000,-1.000000,0.375000,0.250000,],
			[0.855112,0.237397,5.103964,0.000000,0.000000,-1.000000,0.625000,0.250000,],
			[0.998797,0.237397,5.103964,0.000000,0.000000,-1.000000,0.625000,0.500000,],
			[0.998797,0.000534,5.103964,0.000000,0.000000,-1.000000,0.375000,0.500000,],
			[0.998797,0.000534,5.103964,1.000000,0.000000,0.000000,0.375000,0.500000,],
			[0.998797,0.237397,5.103964,1.000000,0.000000,0.000000,0.625000,0.500000,],
			[0.998797,0.237397,5.501348,1.000000,0.000000,0.000000,0.625000,0.750000,],
			[0.998797,0.000534,5.501348,1.000000,0.000000,0.000000,0.375000,0.750000,],
			[0.855112,0.000534,5.501348,-0.000000,0.000000,1.000000,0.125000,0.750000,],
			[0.998797,0.000534,5.501348,-0.000000,0.000000,1.000000,0.375000,0.750000,],
			[0.998797,0.237397,5.501348,-0.000000,0.000000,1.000000,0.625000,0.750000,],
			[0.855112,0.237397,5.501348,-0.000000,0.000000,1.000000,0.875000,0.750000,],
			[0.855112,0.000534,5.103964,0.000000,-1.000000,0.000000,0.125000,0.500000,],
			[0.998797,0.000534,5.103964,0.000000,-1.000000,0.000000,0.375000,0.500000,],
			[0.998797,0.000534,5.501348,0.000000,-1.000000,0.000000,0.375000,0.750000,],
			[0.855112,0.000534,5.501348,0.000000,-1.000000,0.000000,0.125000,0.750000,],
			[0.998797,0.237397,5.103964,0.000000,1.000000,0.000000,0.625000,0.500000,],
			[0.855112,0.237397,5.103964,0.000000,1.000000,0.000000,0.875000,0.500000,],
			[0.855112,0.237397,5.501348,0.000000,1.000000,0.000000,0.875000,0.750000,],
			[0.998797,0.237397,5.501348,0.000000,1.000000,0.000000,0.625000,0.750000,],
		];
	}
	getMaterialName(){return this.gl_material[0];}
	getMaterialNs(){return this.gl_material[1];}
	getMaterialKa(){return this.gl_material[2];}
	getMaterialKd(){return this.gl_material[3];}
	getMaterialKs(){return this.gl_material[4];}
	getMaterialKe(){return this.gl_material[5];}
	getMaterialNi(){return this.gl_material[6];}
	getMaterialD(){return this.gl_material[7];}
	getMaterialIllum(){return this.gl_material[8];}
	getMaterialMapKd(){return this.gl_material[9];}
}
let wf_BlockA_001_Cube_023 = new WF_BlockA_001_Cube_023();
/*
	Built lovingly with wfparse
 */
class WF_corner_Cube_002{
	gl_stride = null;
	gl_data = null;
	gl_material = null;
	constructor(){
		this.gl_material = [
			'StoneMaterial',
			225.000000,
			[1.000000, 1.000000, 1.000000],
			[0.013259, 0.783611, 0.728369],
			[0.500000, 0.500000, 0.500000],
			[0.000000, 0.000000, 0.000000],
			1.450000,
			1.000000,
			0.000000,
			'',
		];
		this.gl_stride = 0;
		this.gl_data = [
			[0.855930,0.000534,5.820596,-1.000000,0.000000,0.000000,0.375000,0.000000,],
			[0.855930,0.237397,5.820596,-1.000000,0.000000,0.000000,0.625000,0.000000,],
			[0.855930,0.237397,5.808269,-1.000000,0.000000,0.000000,0.625000,0.250000,],
			[0.855930,0.000534,5.808269,-1.000000,0.000000,0.000000,0.375000,0.250000,],
			[0.855930,0.000534,5.808269,0.000000,0.000000,-1.000000,0.125000,0.500000,],
			[0.855930,0.237397,5.808269,0.000000,0.000000,-1.000000,0.875000,0.500000,],
			[0.998797,0.237397,5.808269,0.000000,0.000000,-1.000000,0.625000,0.500000,],
			[0.998797,0.000534,5.808269,0.000000,0.000000,-1.000000,0.375000,0.500000,],
			[0.998797,0.000534,5.808269,1.000000,0.000000,0.000000,0.375000,0.500000,],
			[0.998797,0.237397,5.808269,1.000000,0.000000,0.000000,0.625000,0.500000,],
			[0.998797,0.237397,5.820596,1.000000,0.000000,0.000000,0.625000,0.750000,],
			[0.998797,0.000534,5.820596,1.000000,0.000000,0.000000,0.375000,0.750000,],
			[0.855930,0.237397,5.820596,-0.975700,0.000000,-0.219200,0.625000,0.000000,],
			[0.855930,0.000534,5.820596,-0.975700,0.000000,-0.219200,0.375000,0.000000,],
			[0.843668,0.000534,5.875165,-0.975700,0.000000,-0.219200,0.375000,0.000000,],
			[0.843668,0.237397,5.875165,-0.975700,0.000000,-0.219200,0.625000,0.000000,],
			[0.855930,0.000534,5.808269,0.000000,-1.000000,0.000000,0.125000,0.500000,],
			[0.998797,0.000534,5.808269,0.000000,-1.000000,0.000000,0.375000,0.500000,],
			[0.998797,0.000534,5.820596,0.000000,-1.000000,0.000000,0.375000,0.750000,],
			[0.855930,0.000534,5.820596,0.000000,-1.000000,0.000000,0.125000,0.750000,],
			[0.998797,0.237397,5.808269,0.000000,1.000000,0.000000,0.625000,0.500000,],
			[0.855930,0.237397,5.808269,0.000000,1.000000,0.000000,0.875000,0.500000,],
			[0.855930,0.237397,5.820596,0.000000,1.000000,0.000000,0.875000,0.750000,],
			[0.998797,0.237397,5.820596,0.000000,1.000000,0.000000,0.625000,0.750000,],
			[0.976926,0.237397,5.926676,0.000000,1.000000,0.000000,0.625000,0.750000,],
			[0.843668,0.237397,5.875165,0.000000,1.000000,0.000000,0.875000,0.750000,],
			[0.800733,0.237397,5.952936,0.000000,1.000000,0.000000,0.875000,0.750000,],
			[0.911883,0.237397,6.042695,0.000000,1.000000,0.000000,0.625000,0.750000,],
			[0.855930,0.000534,5.820596,0.000000,-1.000000,0.000000,0.125000,0.750000,],
			[0.998797,0.000534,5.820596,0.000000,-1.000000,0.000000,0.375000,0.750000,],
			[0.976926,0.000534,5.926676,0.000000,-1.000000,0.000000,0.375000,0.750000,],
			[0.843668,0.000534,5.875165,0.000000,-1.000000,0.000000,0.125000,0.750000,],
			[0.998797,0.237397,5.820596,0.000000,1.000000,0.000000,0.625000,0.750000,],
			[0.855930,0.237397,5.820596,0.000000,1.000000,0.000000,0.875000,0.750000,],
			[0.843668,0.237397,5.875165,0.000000,1.000000,0.000000,0.875000,0.750000,],
			[0.976926,0.237397,5.926676,0.000000,1.000000,0.000000,0.625000,0.750000,],
			[0.998797,0.000534,5.820596,0.979400,0.000000,0.201900,0.375000,0.750000,],
			[0.998797,0.237397,5.820596,0.979400,0.000000,0.201900,0.625000,0.750000,],
			[0.976926,0.237397,5.926676,0.979400,0.000000,0.201900,0.625000,0.750000,],
			[0.976926,0.000534,5.926676,0.979400,0.000000,0.201900,0.375000,0.750000,],
			[0.800733,0.000534,5.952936,0.000000,-1.000000,0.000000,0.125000,0.750000,],
			[0.911883,0.000534,6.042695,0.000000,-1.000000,0.000000,0.375000,0.750000,],
			[0.827847,0.000534,6.112892,0.000000,-1.000000,0.000000,0.375000,0.750000,],
			[0.763032,0.000534,5.985573,0.000000,-1.000000,0.000000,0.125000,0.750000,],
			[0.976926,0.000534,5.926676,0.872300,0.000000,0.489000,0.375000,0.750000,],
			[0.976926,0.237397,5.926676,0.872300,0.000000,0.489000,0.625000,0.750000,],
			[0.911883,0.237397,6.042695,0.872300,0.000000,0.489000,0.625000,0.750000,],
			[0.911883,0.000534,6.042695,0.872300,0.000000,0.489000,0.375000,0.750000,],
			[0.843668,0.000534,5.875165,0.000000,-1.000000,0.000000,0.125000,0.750000,],
			[0.976926,0.000534,5.926676,0.000000,-1.000000,0.000000,0.375000,0.750000,],
			[0.911883,0.000534,6.042695,0.000000,-1.000000,0.000000,0.375000,0.750000,],
			[0.800733,0.000534,5.952936,0.000000,-1.000000,0.000000,0.125000,0.750000,],
			[0.843668,0.237397,5.875165,-0.875400,0.000000,-0.483300,0.625000,0.000000,],
			[0.843668,0.000534,5.875165,-0.875400,0.000000,-0.483300,0.375000,0.000000,],
			[0.800733,0.000534,5.952936,-0.875400,0.000000,-0.483300,0.375000,0.000000,],
			[0.800733,0.237397,5.952936,-0.875400,0.000000,-0.483300,0.625000,0.000000,],
			[0.763032,0.000534,5.985573,0.000000,-1.000000,0.000000,0.125000,0.750000,],
			[0.827847,0.000534,6.112892,0.000000,-1.000000,0.000000,0.375000,0.750000,],
			[0.719565,0.000534,6.132016,0.000000,-1.000000,0.000000,0.375000,0.750000,],
			[0.746694,0.000534,5.991748,0.000000,-1.000000,0.000000,0.125000,0.750000,],
			[0.800733,0.237397,5.952936,-0.654500,0.000000,-0.756100,0.625000,0.000000,],
			[0.800733,0.000534,5.952936,-0.654500,0.000000,-0.756100,0.375000,0.000000,],
			[0.763032,0.000534,5.985573,-0.654500,0.000000,-0.756100,0.375000,0.000000,],
			[0.763032,0.237397,5.985573,-0.654500,0.000000,-0.756100,0.625000,0.000000,],
			[0.911883,0.237397,6.042695,0.000000,1.000000,0.000000,0.625000,0.750000,],
			[0.800733,0.237397,5.952936,0.000000,1.000000,0.000000,0.875000,0.750000,],
			[0.763032,0.237397,5.985573,0.000000,1.000000,0.000000,0.875000,0.750000,],
			[0.827847,0.237397,6.112892,0.000000,1.000000,0.000000,0.625000,0.750000,],
			[0.911883,0.000534,6.042695,0.641100,0.000000,0.767500,0.375000,0.750000,],
			[0.911883,0.237397,6.042695,0.641100,0.000000,0.767500,0.625000,0.750000,],
			[0.827847,0.237397,6.112892,0.641100,0.000000,0.767500,0.625000,0.750000,],
			[0.827847,0.000534,6.112892,0.641100,0.000000,0.767500,0.375000,0.750000,],
			[0.719565,0.237397,6.132016,0.000000,1.000000,0.000000,0.625000,0.750000,],
			[0.746694,0.237397,5.991748,0.000000,1.000000,0.000000,0.875000,0.750000,],
			[0.688874,0.237397,5.993331,0.000000,1.000000,0.000000,0.875000,0.750000,],
			[0.689108,0.237397,6.135709,0.000000,1.000000,0.000000,0.625000,0.750000,],
			[0.763032,0.237397,5.985573,-0.353500,0.000000,-0.935400,0.625000,0.000000,],
			[0.763032,0.000534,5.985573,-0.353500,0.000000,-0.935400,0.375000,0.000000,],
			[0.746694,0.000534,5.991748,-0.353500,0.000000,-0.935400,0.375000,0.000000,],
			[0.746694,0.237397,5.991748,-0.353500,0.000000,-0.935400,0.625000,0.000000,],
			[0.827847,0.237397,6.112892,0.000000,1.000000,0.000000,0.625000,0.750000,],
			[0.763032,0.237397,5.985573,0.000000,1.000000,0.000000,0.875000,0.750000,],
			[0.746694,0.237397,5.991748,0.000000,1.000000,0.000000,0.875000,0.750000,],
			[0.719565,0.237397,6.132016,0.000000,1.000000,0.000000,0.625000,0.750000,],
			[0.827847,0.000534,6.112892,0.173900,0.000000,0.984800,0.375000,0.750000,],
			[0.827847,0.237397,6.112892,0.173900,0.000000,0.984800,0.625000,0.750000,],
			[0.719565,0.237397,6.132016,0.173900,0.000000,0.984800,0.625000,0.750000,],
			[0.719565,0.000534,6.132016,0.173900,0.000000,0.984800,0.375000,0.750000,],
			[0.689108,0.000534,6.135709,-1.000000,0.000000,0.001600,0.375000,0.750000,],
			[0.689108,0.237397,6.135709,-1.000000,0.000000,0.001600,0.625000,0.750000,],
			[0.688874,0.237397,5.993331,-1.000000,0.000000,0.001600,0.625000,1.000000,],
			[0.688874,0.000534,5.993331,-1.000000,0.000000,0.001600,0.375000,1.000000,],
			[0.719565,0.000534,6.132016,0.120400,0.000000,0.992700,0.375000,0.750000,],
			[0.719565,0.237397,6.132016,0.120400,0.000000,0.992700,0.625000,0.750000,],
			[0.689108,0.237397,6.135709,0.120400,0.000000,0.992700,0.625000,0.750000,],
			[0.689108,0.000534,6.135709,0.120400,0.000000,0.992700,0.375000,0.750000,],
			[0.746694,0.000534,5.991748,0.000000,-1.000000,0.000000,0.125000,0.750000,],
			[0.719565,0.000534,6.132016,0.000000,-1.000000,0.000000,0.375000,0.750000,],
			[0.689108,0.000534,6.135709,0.000000,-1.000000,0.000000,0.375000,0.750000,],
			[0.688874,0.000534,5.993331,0.000000,-1.000000,0.000000,0.125000,0.750000,],
			[0.746694,0.237397,5.991748,-0.027400,0.000000,-0.999600,0.625000,0.000000,],
			[0.746694,0.000534,5.991748,-0.027400,0.000000,-0.999600,0.375000,0.000000,],
			[0.688874,0.000534,5.993331,-0.027400,0.000000,-0.999600,0.375000,0.000000,],
			[0.688874,0.237397,5.993331,-0.027400,0.000000,-0.999600,0.625000,0.000000,],
		];
	}
	getMaterialName(){return this.gl_material[0];}
	getMaterialNs(){return this.gl_material[1];}
	getMaterialKa(){return this.gl_material[2];}
	getMaterialKd(){return this.gl_material[3];}
	getMaterialKs(){return this.gl_material[4];}
	getMaterialKe(){return this.gl_material[5];}
	getMaterialNi(){return this.gl_material[6];}
	getMaterialD(){return this.gl_material[7];}
	getMaterialIllum(){return this.gl_material[8];}
	getMaterialMapKd(){return this.gl_material[9];}
}
let wf_corner_Cube_002 = new WF_corner_Cube_002();
/*
	Built lovingly with wfparse
 */
class WF_BlockB_001_Cube_003{
	gl_stride = null;
	gl_data = null;
	gl_material = null;
	constructor(){
		this.gl_material = [
			'StoneMaterial',
			225.000000,
			[1.000000, 1.000000, 1.000000],
			[0.013259, 0.783611, 0.728369],
			[0.500000, 0.500000, 0.500000],
			[0.000000, 0.000000, 0.000000],
			1.450000,
			1.000000,
			0.000000,
			'',
		];
		this.gl_stride = 0;
		this.gl_data = [
			[0.678915,0.000534,6.132483,0.022600,0.000000,0.999700,0.375000,0.000000,],
			[0.678915,0.237397,6.132483,0.022600,0.000000,0.999700,0.625000,0.000000,],
			[0.391068,0.237397,6.138979,0.022600,0.000000,0.999700,0.625000,0.250000,],
			[0.391068,0.000534,6.138979,0.022600,0.000000,0.999700,0.375000,0.250000,],
			[0.391068,0.000534,6.138979,-0.999700,0.000000,0.022600,0.125000,0.500000,],
			[0.391068,0.237397,6.138979,-0.999700,0.000000,0.022600,0.875000,0.500000,],
			[0.387844,0.237397,5.996149,-0.999700,0.000000,0.022600,0.625000,0.500000,],
			[0.387844,0.000534,5.996149,-0.999700,0.000000,0.022600,0.375000,0.500000,],
			[0.387844,0.000534,5.996149,-0.022600,0.000000,-0.999700,0.375000,0.500000,],
			[0.387844,0.237397,5.996149,-0.022600,0.000000,-0.999700,0.625000,0.500000,],
			[0.675691,0.237397,5.989652,-0.022600,0.000000,-0.999700,0.625000,0.750000,],
			[0.675691,0.000534,5.989652,-0.022600,0.000000,-0.999700,0.375000,0.750000,],
			[0.675691,0.000534,5.989652,0.999700,0.000000,-0.022600,0.375000,0.750000,],
			[0.675691,0.237397,5.989652,0.999700,0.000000,-0.022600,0.625000,0.750000,],
			[0.678915,0.237397,6.132483,0.999700,0.000000,-0.022600,0.625000,1.000000,],
			[0.678915,0.000534,6.132483,0.999700,0.000000,-0.022600,0.375000,1.000000,],
			[0.391068,0.000534,6.138979,0.000000,-1.000000,-0.000000,0.125000,0.500000,],
			[0.387844,0.000534,5.996149,0.000000,-1.000000,-0.000000,0.375000,0.500000,],
			[0.675691,0.000534,5.989652,0.000000,-1.000000,-0.000000,0.375000,0.750000,],
			[0.678915,0.000534,6.132483,0.000000,-1.000000,-0.000000,0.125000,0.750000,],
			[0.387844,0.237397,5.996149,0.000000,1.000000,-0.000000,0.625000,0.500000,],
			[0.391068,0.237397,6.138979,0.000000,1.000000,-0.000000,0.875000,0.500000,],
			[0.678915,0.237397,6.132483,0.000000,1.000000,-0.000000,0.875000,0.750000,],
			[0.675691,0.237397,5.989652,0.000000,1.000000,-0.000000,0.625000,0.750000,],
		];
	}
	getMaterialName(){return this.gl_material[0];}
	getMaterialNs(){return this.gl_material[1];}
	getMaterialKa(){return this.gl_material[2];}
	getMaterialKd(){return this.gl_material[3];}
	getMaterialKs(){return this.gl_material[4];}
	getMaterialKe(){return this.gl_material[5];}
	getMaterialNi(){return this.gl_material[6];}
	getMaterialD(){return this.gl_material[7];}
	getMaterialIllum(){return this.gl_material[8];}
	getMaterialMapKd(){return this.gl_material[9];}
}
let wf_BlockB_001_Cube_003 = new WF_BlockB_001_Cube_003();
/*
	Built lovingly with wfparse
 */
class WF_BlockA_002_Cube_004{
	gl_stride = null;
	gl_data = null;
	gl_material = null;
	constructor(){
		this.gl_material = [
			'StoneMaterial',
			225.000000,
			[1.000000, 1.000000, 1.000000],
			[0.013259, 0.783611, 0.728369],
			[0.500000, 0.500000, 0.500000],
			[0.000000, 0.000000, 0.000000],
			1.450000,
			1.000000,
			0.000000,
			'',
		];
		this.gl_stride = 0;
		this.gl_data = [
			[0.383639,0.000534,6.130326,0.040200,0.000000,0.999200,0.375000,0.000000,],
			[0.383639,0.237397,6.130326,0.040200,0.000000,0.999200,0.625000,0.000000,],
			[-0.013424,0.237397,6.146303,0.040200,0.000000,0.999200,0.625000,0.250000,],
			[-0.013424,0.000534,6.146303,0.040200,0.000000,0.999200,0.375000,0.250000,],
			[-0.013424,0.000534,6.146303,-0.999200,0.000000,0.040200,0.375000,0.250000,],
			[-0.013424,0.237397,6.146303,-0.999200,0.000000,0.040200,0.625000,0.250000,],
			[-0.019201,0.237397,6.002734,-0.999200,0.000000,0.040200,0.625000,0.500000,],
			[-0.019201,0.000534,6.002734,-0.999200,0.000000,0.040200,0.375000,0.500000,],
			[-0.019201,0.000534,6.002734,-0.040200,0.000000,-0.999200,0.375000,0.500000,],
			[-0.019201,0.237397,6.002734,-0.040200,0.000000,-0.999200,0.625000,0.500000,],
			[0.377862,0.237397,5.986757,-0.040200,0.000000,-0.999200,0.625000,0.750000,],
			[0.377862,0.000534,5.986757,-0.040200,0.000000,-0.999200,0.375000,0.750000,],
			[0.383639,0.000534,6.130326,0.999200,0.000000,-0.040200,0.125000,0.750000,],
			[0.377862,0.000534,5.986757,0.999200,0.000000,-0.040200,0.375000,0.750000,],
			[0.377862,0.237397,5.986757,0.999200,0.000000,-0.040200,0.625000,0.750000,],
			[0.383639,0.237397,6.130326,0.999200,0.000000,-0.040200,0.875000,0.750000,],
			[-0.013424,0.000534,6.146303,0.000000,-1.000000,-0.000000,0.125000,0.500000,],
			[-0.019201,0.000534,6.002734,0.000000,-1.000000,-0.000000,0.375000,0.500000,],
			[0.377862,0.000534,5.986757,0.000000,-1.000000,-0.000000,0.375000,0.750000,],
			[0.383639,0.000534,6.130326,0.000000,-1.000000,-0.000000,0.125000,0.750000,],
			[-0.019201,0.237397,6.002734,0.000000,1.000000,0.000000,0.625000,0.500000,],
			[-0.013424,0.237397,6.146303,0.000000,1.000000,0.000000,0.875000,0.500000,],
			[0.383639,0.237397,6.130326,0.000000,1.000000,0.000000,0.875000,0.750000,],
			[0.377862,0.237397,5.986757,0.000000,1.000000,0.000000,0.625000,0.750000,],
		];
	}
	getMaterialName(){return this.gl_material[0];}
	getMaterialNs(){return this.gl_material[1];}
	getMaterialKa(){return this.gl_material[2];}
	getMaterialKd(){return this.gl_material[3];}
	getMaterialKs(){return this.gl_material[4];}
	getMaterialKe(){return this.gl_material[5];}
	getMaterialNi(){return this.gl_material[6];}
	getMaterialD(){return this.gl_material[7];}
	getMaterialIllum(){return this.gl_material[8];}
	getMaterialMapKd(){return this.gl_material[9];}
}
let wf_BlockA_002_Cube_004 = new WF_BlockA_002_Cube_004();
/*
	Built lovingly with wfparse
 */
class WF_corner_001_Cube_005{
	gl_stride = null;
	gl_data = null;
	gl_material = null;
	constructor(){
		this.gl_material = [
			'StoneMaterial',
			225.000000,
			[1.000000, 1.000000, 1.000000],
			[0.013259, 0.783611, 0.728369],
			[0.500000, 0.500000, 0.500000],
			[0.000000, 0.000000, 0.000000],
			1.450000,
			1.000000,
			0.000000,
			'',
		];
		this.gl_stride = 0;
		this.gl_data = [
			[-0.911966,0.240465,5.823171,1.000000,-0.004900,0.002000,0.375000,0.000000,],
			[-0.913108,0.003661,5.817998,1.000000,-0.004900,0.002000,0.625000,0.000000,],
			[-0.913081,0.003930,5.805674,1.000000,-0.004900,0.002000,0.625000,0.250000,],
			[-0.911940,0.240734,5.810847,1.000000,-0.004900,0.002000,0.375000,0.250000,],
			[-0.911940,0.240734,5.810847,0.002100,0.021800,-0.999800,0.125000,0.500000,],
			[-0.913081,0.003930,5.805674,0.002100,0.021800,-0.999800,0.875000,0.500000,],
			[-1.055946,0.004625,5.805384,0.002100,0.021800,-0.999800,0.625000,0.500000,],
			[-1.054805,0.241429,5.810557,0.002100,0.021800,-0.999800,0.375000,0.500000,],
			[-1.054805,0.241429,5.810557,-1.000000,0.004900,-0.002000,0.375000,0.500000,],
			[-1.055946,0.004625,5.805384,-1.000000,0.004900,-0.002000,0.625000,0.500000,],
			[-1.055973,0.004356,5.817708,-1.000000,0.004900,-0.002000,0.625000,0.750000,],
			[-1.054831,0.241160,5.822882,-1.000000,0.004900,-0.002000,0.375000,0.750000,],
			[-0.913108,0.003661,5.817998,0.976100,0.000000,-0.217200,0.625000,0.000000,],
			[-0.911966,0.240465,5.823171,0.976100,0.000000,-0.217200,0.375000,0.000000,],
			[-0.899821,0.239214,5.877752,0.976100,0.000000,-0.217200,0.375000,0.000000,],
			[-0.900963,0.002410,5.872579,0.976100,0.000000,-0.217200,0.625000,0.000000,],
			[-0.911940,0.240734,5.810847,0.004800,0.999700,0.021800,0.125000,0.500000,],
			[-1.054805,0.241429,5.810557,0.004800,0.999700,0.021800,0.375000,0.500000,],
			[-1.054831,0.241160,5.822882,0.004800,0.999700,0.021800,0.375000,0.750000,],
			[-0.911966,0.240465,5.823171,0.004800,0.999700,0.021800,0.125000,0.750000,],
			[-1.055946,0.004625,5.805384,-0.004800,-0.999700,-0.021800,0.625000,0.500000,],
			[-0.913081,0.003930,5.805674,-0.004800,-0.999700,-0.021800,0.875000,0.500000,],
			[-0.913108,0.003661,5.817998,-0.004800,-0.999700,-0.021800,0.875000,0.750000,],
			[-1.055973,0.004356,5.817708,-0.004800,-0.999700,-0.021800,0.625000,0.750000,],
			[-1.034328,0.001933,5.923808,-0.004800,-0.999700,-0.021800,0.625000,0.750000,],
			[-0.900963,0.002410,5.872579,-0.004800,-0.999700,-0.021800,0.875000,0.750000,],
			[-0.858194,0.000503,5.950418,-0.004800,-0.999700,-0.021800,0.875000,0.750000,],
			[-0.969533,-0.000916,6.039930,-0.004800,-0.999700,-0.021800,0.625000,0.750000,],
			[-0.911966,0.240465,5.823171,0.004800,0.999700,0.021800,0.125000,0.750000,],
			[-1.054831,0.241160,5.822882,0.004800,0.999700,0.021800,0.375000,0.750000,],
			[-1.033186,0.238737,5.928981,0.004800,0.999700,0.021800,0.375000,0.750000,],
			[-0.899821,0.239214,5.877752,0.004800,0.999700,0.021800,0.125000,0.750000,],
			[-1.055973,0.004356,5.817708,-0.004800,-0.999700,-0.021800,0.625000,0.750000,],
			[-0.913108,0.003661,5.817998,-0.004800,-0.999700,-0.021800,0.875000,0.750000,],
			[-0.900963,0.002410,5.872579,-0.004800,-0.999700,-0.021800,0.875000,0.750000,],
			[-1.034328,0.001933,5.923808,-0.004800,-0.999700,-0.021800,0.625000,0.750000,],
			[-1.054831,0.241160,5.822882,-0.979800,0.000400,0.199900,0.375000,0.750000,],
			[-1.055973,0.004356,5.817708,-0.979800,0.000400,0.199900,0.625000,0.750000,],
			[-1.034328,0.001933,5.923808,-0.979800,0.000400,0.199900,0.625000,0.750000,],
			[-1.033186,0.238737,5.928981,-0.979800,0.000400,0.199900,0.375000,0.750000,],
			[-0.857052,0.237307,5.955591,0.004800,0.999700,0.021800,0.125000,0.750000,],
			[-0.968392,0.235888,6.045104,0.004800,0.999700,0.021800,0.375000,0.750000,],
			[-0.884507,0.233947,6.115454,0.004800,0.999700,0.021800,0.375000,0.750000,],
			[-0.819421,0.236411,5.988297,0.004800,0.999700,0.021800,0.125000,0.750000,],
			[-1.033186,0.238737,5.928981,-0.873300,-0.006400,0.487100,0.375000,0.750000,],
			[-1.034328,0.001933,5.923808,-0.873300,-0.006400,0.487100,0.625000,0.750000,],
			[-0.969533,-0.000916,6.039930,-0.873300,-0.006400,0.487100,0.625000,0.750000,],
			[-0.968392,0.235888,6.045104,-0.873300,-0.006400,0.487100,0.375000,0.750000,],
			[-0.899821,0.239214,5.877752,0.004800,0.999700,0.021800,0.125000,0.750000,],
			[-1.033186,0.238737,5.928981,0.004800,0.999700,0.021800,0.375000,0.750000,],
			[-0.968392,0.235888,6.045104,0.004800,0.999700,0.021800,0.375000,0.750000,],
			[-0.857052,0.237307,5.955591,0.004800,0.999700,0.021800,0.125000,0.750000,],
			[-0.900963,0.002410,5.872579,0.876500,0.006300,-0.481400,0.625000,0.000000,],
			[-0.899821,0.239214,5.877752,0.876500,0.006300,-0.481400,0.375000,0.000000,],
			[-0.857052,0.237307,5.955591,0.876500,0.006300,-0.481400,0.375000,0.000000,],
			[-0.858194,0.000503,5.950418,0.876500,0.006300,-0.481400,0.625000,0.000000,],
			[-0.819421,0.236411,5.988297,0.004800,0.999700,0.021800,0.125000,0.750000,],
			[-0.884507,0.233947,6.115454,0.004800,0.999700,0.021800,0.375000,0.750000,],
			[-0.776267,0.233003,6.134792,0.004800,0.999700,0.021800,0.375000,0.750000,],
			[-0.803096,0.236197,5.994503,0.004800,0.999700,0.021800,0.125000,0.750000,],
			[-0.858194,0.000503,5.950418,0.656100,0.013300,-0.754600,0.625000,0.000000,],
			[-0.857052,0.237307,5.955591,0.656100,0.013300,-0.754600,0.375000,0.000000,],
			[-0.819421,0.236411,5.988297,0.656100,0.013300,-0.754600,0.375000,0.000000,],
			[-0.820563,-0.000393,5.983123,0.656100,0.013300,-0.754600,0.625000,0.000000,],
			[-0.969533,-0.000916,6.039930,-0.004800,-0.999700,-0.021800,0.625000,0.750000,],
			[-0.858194,0.000503,5.950418,-0.004800,-0.999700,-0.021800,0.875000,0.750000,],
			[-0.820563,-0.000393,5.983123,-0.004800,-0.999700,-0.021800,0.875000,0.750000,],
			[-0.885648,-0.002857,6.110281,-0.004800,-0.999700,-0.021800,0.625000,0.750000,],
			[-0.968392,0.235888,6.045104,-0.642700,-0.013600,0.766000,0.375000,0.750000,],
			[-0.969533,-0.000916,6.039930,-0.642700,-0.013600,0.766000,0.625000,0.750000,],
			[-0.885648,-0.002857,6.110281,-0.642700,-0.013600,0.766000,0.625000,0.750000,],
			[-0.884507,0.233947,6.115454,-0.642700,-0.013600,0.766000,0.375000,0.750000,],
			[-0.777409,-0.003801,6.129619,-0.004800,-0.999700,-0.021800,0.625000,0.750000,],
			[-0.804238,-0.000607,5.989330,-0.004800,-0.999700,-0.021800,0.875000,0.750000,],
			[-0.746422,-0.000923,5.991030,-0.004800,-0.999700,-0.021800,0.875000,0.750000,],
			[-0.746959,-0.004030,6.133373,-0.004800,-0.999700,-0.021800,0.625000,0.750000,],
			[-0.820563,-0.000393,5.983123,0.355500,0.018700,-0.934500,0.625000,0.000000,],
			[-0.819421,0.236411,5.988297,0.355500,0.018700,-0.934500,0.375000,0.000000,],
			[-0.803096,0.236197,5.994503,0.355500,0.018700,-0.934500,0.375000,0.000000,],
			[-0.804238,-0.000607,5.989330,0.355500,0.018700,-0.934500,0.625000,0.000000,],
			[-0.885648,-0.002857,6.110281,-0.004800,-0.999700,-0.021800,0.625000,0.750000,],
			[-0.820563,-0.000393,5.983123,-0.004800,-0.999700,-0.021800,0.875000,0.750000,],
			[-0.804238,-0.000607,5.989330,-0.004800,-0.999700,-0.021800,0.875000,0.750000,],
			[-0.777409,-0.003801,6.129619,-0.004800,-0.999700,-0.021800,0.625000,0.750000,],
			[-0.884507,0.233947,6.115454,-0.176000,-0.020700,0.984200,0.375000,0.750000,],
			[-0.885648,-0.002857,6.110281,-0.176000,-0.020700,0.984200,0.625000,0.750000,],
			[-0.777409,-0.003801,6.129619,-0.176000,-0.020700,0.984200,0.625000,0.750000,],
			[-0.776267,0.233003,6.134792,-0.176000,-0.020700,0.984200,0.375000,0.750000,],
			[-0.745818,0.232774,6.138546,1.000000,-0.004900,0.003700,0.375000,0.750000,],
			[-0.746959,-0.004030,6.133373,1.000000,-0.004900,0.003700,0.625000,0.750000,],
			[-0.746422,-0.000923,5.991030,1.000000,-0.004900,0.003700,0.625000,1.000000,],
			[-0.745281,0.235881,5.996203,1.000000,-0.004900,0.003700,0.375000,1.000000,],
			[-0.776267,0.233003,6.134792,-0.122500,-0.021100,0.992200,0.375000,0.750000,],
			[-0.777409,-0.003801,6.129619,-0.122500,-0.021100,0.992200,0.625000,0.750000,],
			[-0.746959,-0.004030,6.133373,-0.122500,-0.021100,0.992200,0.625000,0.750000,],
			[-0.745818,0.232774,6.138546,-0.122500,-0.021100,0.992200,0.375000,0.750000,],
			[-0.803096,0.236197,5.994503,0.004800,0.999700,0.021800,0.125000,0.750000,],
			[-0.776267,0.233003,6.134792,0.004800,0.999700,0.021800,0.375000,0.750000,],
			[-0.745818,0.232774,6.138546,0.004800,0.999700,0.021800,0.375000,0.750000,],
			[-0.745281,0.235881,5.996203,0.004800,0.999700,0.021800,0.125000,0.750000,],
			[-0.804238,-0.000607,5.989330,0.029500,0.021700,-0.999300,0.625000,0.000000,],
			[-0.803096,0.236197,5.994503,0.029500,0.021700,-0.999300,0.375000,0.000000,],
			[-0.745281,0.235881,5.996203,0.029500,0.021700,-0.999300,0.375000,0.000000,],
			[-0.746422,-0.000923,5.991030,0.029500,0.021700,-0.999300,0.625000,0.000000,],
		];
	}
	getMaterialName(){return this.gl_material[0];}
	getMaterialNs(){return this.gl_material[1];}
	getMaterialKa(){return this.gl_material[2];}
	getMaterialKd(){return this.gl_material[3];}
	getMaterialKs(){return this.gl_material[4];}
	getMaterialKe(){return this.gl_material[5];}
	getMaterialNi(){return this.gl_material[6];}
	getMaterialD(){return this.gl_material[7];}
	getMaterialIllum(){return this.gl_material[8];}
	getMaterialMapKd(){return this.gl_material[9];}
}
let wf_corner_001_Cube_005 = new WF_corner_001_Cube_005();
/*
	Built lovingly with wfparse
 */
class WF_BlockA_003_Cube_006{
	gl_stride = null;
	gl_data = null;
	gl_material = null;
	constructor(){
		this.gl_material = [
			'StoneMaterial',
			225.000000,
			[1.000000, 1.000000, 1.000000],
			[0.013259, 0.783611, 0.728369],
			[0.500000, 0.500000, 0.500000],
			[0.000000, 0.000000, 0.000000],
			1.450000,
			1.000000,
			0.000000,
			'',
		];
		this.gl_stride = 0;
		this.gl_data = [
			[-0.033768,0.000534,6.130326,0.040200,0.000000,0.999200,0.375000,0.000000,],
			[-0.033768,0.237397,6.130326,0.040200,0.000000,0.999200,0.625000,0.000000,],
			[-0.430831,0.237397,6.146303,0.040200,0.000000,0.999200,0.625000,0.250000,],
			[-0.430831,0.000534,6.146303,0.040200,0.000000,0.999200,0.375000,0.250000,],
			[-0.430831,0.000534,6.146303,-0.999200,0.000000,0.040200,0.375000,0.250000,],
			[-0.430831,0.237397,6.146303,-0.999200,0.000000,0.040200,0.625000,0.250000,],
			[-0.436607,0.237397,6.002734,-0.999200,0.000000,0.040200,0.625000,0.500000,],
			[-0.436607,0.000534,6.002734,-0.999200,0.000000,0.040200,0.375000,0.500000,],
			[-0.436607,0.000534,6.002734,-0.040200,0.000000,-0.999200,0.375000,0.500000,],
			[-0.436607,0.237397,6.002734,-0.040200,0.000000,-0.999200,0.625000,0.500000,],
			[-0.039544,0.237397,5.986757,-0.040200,0.000000,-0.999200,0.625000,0.750000,],
			[-0.039544,0.000534,5.986757,-0.040200,0.000000,-0.999200,0.375000,0.750000,],
			[-0.033768,0.000534,6.130326,0.999200,0.000000,-0.040200,0.125000,0.750000,],
			[-0.039544,0.000534,5.986757,0.999200,0.000000,-0.040200,0.375000,0.750000,],
			[-0.039544,0.237397,5.986757,0.999200,0.000000,-0.040200,0.625000,0.750000,],
			[-0.033768,0.237397,6.130326,0.999200,0.000000,-0.040200,0.875000,0.750000,],
			[-0.430831,0.000534,6.146303,0.000000,-1.000000,-0.000000,0.125000,0.500000,],
			[-0.436607,0.000534,6.002734,0.000000,-1.000000,-0.000000,0.375000,0.500000,],
			[-0.039544,0.000534,5.986757,0.000000,-1.000000,-0.000000,0.375000,0.750000,],
			[-0.033768,0.000534,6.130326,0.000000,-1.000000,-0.000000,0.125000,0.750000,],
			[-0.436607,0.237397,6.002734,0.000000,1.000000,0.000000,0.625000,0.500000,],
			[-0.430831,0.237397,6.146303,0.000000,1.000000,0.000000,0.875000,0.500000,],
			[-0.033768,0.237397,6.130326,0.000000,1.000000,0.000000,0.875000,0.750000,],
			[-0.039544,0.237397,5.986757,0.000000,1.000000,0.000000,0.625000,0.750000,],
		];
	}
	getMaterialName(){return this.gl_material[0];}
	getMaterialNs(){return this.gl_material[1];}
	getMaterialKa(){return this.gl_material[2];}
	getMaterialKd(){return this.gl_material[3];}
	getMaterialKs(){return this.gl_material[4];}
	getMaterialKe(){return this.gl_material[5];}
	getMaterialNi(){return this.gl_material[6];}
	getMaterialD(){return this.gl_material[7];}
	getMaterialIllum(){return this.gl_material[8];}
	getMaterialMapKd(){return this.gl_material[9];}
}
let wf_BlockA_003_Cube_006 = new WF_BlockA_003_Cube_006();
/*
	Built lovingly with wfparse
 */
class WF_BlockB_002_Cube_007{
	gl_stride = null;
	gl_data = null;
	gl_material = null;
	constructor(){
		this.gl_material = [
			'StoneMaterial',
			225.000000,
			[1.000000, 1.000000, 1.000000],
			[0.013259, 0.783611, 0.728369],
			[0.500000, 0.500000, 0.500000],
			[0.000000, 0.000000, 0.000000],
			1.450000,
			1.000000,
			0.000000,
			'',
		];
		this.gl_stride = 0;
		this.gl_data = [
			[-0.438782,0.000534,6.132483,0.022600,0.000000,0.999700,0.375000,0.000000,],
			[-0.438782,0.237397,6.132483,0.022600,0.000000,0.999700,0.625000,0.000000,],
			[-0.726629,0.237397,6.138979,0.022600,0.000000,0.999700,0.625000,0.250000,],
			[-0.726629,0.000534,6.138979,0.022600,0.000000,0.999700,0.375000,0.250000,],
			[-0.726629,0.000534,6.138979,-0.999700,0.000000,0.022600,0.125000,0.500000,],
			[-0.726629,0.237397,6.138979,-0.999700,0.000000,0.022600,0.875000,0.500000,],
			[-0.729853,0.237397,5.996149,-0.999700,0.000000,0.022600,0.625000,0.500000,],
			[-0.729853,0.000534,5.996149,-0.999700,0.000000,0.022600,0.375000,0.500000,],
			[-0.729853,0.000534,5.996149,-0.022600,0.000000,-0.999700,0.375000,0.500000,],
			[-0.729853,0.237397,5.996149,-0.022600,0.000000,-0.999700,0.625000,0.500000,],
			[-0.442006,0.237397,5.989652,-0.022600,0.000000,-0.999700,0.625000,0.750000,],
			[-0.442006,0.000534,5.989652,-0.022600,0.000000,-0.999700,0.375000,0.750000,],
			[-0.442006,0.000534,5.989652,0.999700,0.000000,-0.022600,0.375000,0.750000,],
			[-0.442006,0.237397,5.989652,0.999700,0.000000,-0.022600,0.625000,0.750000,],
			[-0.438782,0.237397,6.132483,0.999700,0.000000,-0.022600,0.625000,1.000000,],
			[-0.438782,0.000534,6.132483,0.999700,0.000000,-0.022600,0.375000,1.000000,],
			[-0.726629,0.000534,6.138979,0.000000,-1.000000,0.000000,0.125000,0.500000,],
			[-0.729853,0.000534,5.996149,0.000000,-1.000000,0.000000,0.375000,0.500000,],
			[-0.442006,0.000534,5.989652,0.000000,-1.000000,0.000000,0.375000,0.750000,],
			[-0.438782,0.000534,6.132483,0.000000,-1.000000,0.000000,0.125000,0.750000,],
			[-0.729853,0.237397,5.996149,0.000000,1.000000,-0.000000,0.625000,0.500000,],
			[-0.726629,0.237397,6.138979,0.000000,1.000000,-0.000000,0.875000,0.500000,],
			[-0.438782,0.237397,6.132483,0.000000,1.000000,-0.000000,0.875000,0.750000,],
			[-0.442006,0.237397,5.989652,0.000000,1.000000,-0.000000,0.625000,0.750000,],
		];
	}
	getMaterialName(){return this.gl_material[0];}
	getMaterialNs(){return this.gl_material[1];}
	getMaterialKa(){return this.gl_material[2];}
	getMaterialKd(){return this.gl_material[3];}
	getMaterialKs(){return this.gl_material[4];}
	getMaterialKe(){return this.gl_material[5];}
	getMaterialNi(){return this.gl_material[6];}
	getMaterialD(){return this.gl_material[7];}
	getMaterialIllum(){return this.gl_material[8];}
	getMaterialMapKd(){return this.gl_material[9];}
}
let wf_BlockB_002_Cube_007 = new WF_BlockB_002_Cube_007();
/*
	Built lovingly with wfparse
 */
class WF_BlockA_004_Cube_008{
	gl_stride = null;
	gl_data = null;
	gl_material = null;
	constructor(){
		this.gl_material = [
			'StoneMaterial',
			225.000000,
			[1.000000, 1.000000, 1.000000],
			[0.013259, 0.783611, 0.728369],
			[0.500000, 0.500000, 0.500000],
			[0.000000, 0.000000, 0.000000],
			1.450000,
			1.000000,
			0.000000,
			'',
		];
		this.gl_stride = 0;
		this.gl_data = [
			[-1.070099,0.000534,5.251975,-0.038500,0.000000,0.999300,0.375000,0.000000,],
			[-1.070099,0.237397,5.251975,-0.038500,0.000000,0.999300,0.625000,0.000000,],
			[-1.467188,0.237397,5.236662,-0.038500,0.000000,0.999300,0.625000,0.250000,],
			[-1.467188,0.000534,5.236662,-0.038500,0.000000,0.999300,0.375000,0.250000,],
			[-1.467188,0.000534,5.236662,-0.999700,0.000000,-0.024700,0.375000,0.250000,],
			[-1.467188,0.237397,5.236662,-0.999700,0.000000,-0.024700,0.625000,0.250000,],
			[-1.461651,0.237397,5.012773,-0.999700,0.000000,-0.024700,0.625000,0.500000,],
			[-1.461651,0.000534,5.012773,-0.999700,0.000000,-0.024700,0.375000,0.500000,],
			[-1.461651,0.000534,5.012773,0.038500,0.000000,-0.999300,0.375000,0.500000,],
			[-1.461651,0.237397,5.012773,0.038500,0.000000,-0.999300,0.625000,0.500000,],
			[-1.064562,0.237397,5.028085,0.038500,0.000000,-0.999300,0.625000,0.750000,],
			[-1.064562,0.000534,5.028085,0.038500,0.000000,-0.999300,0.375000,0.750000,],
			[-1.070099,0.000534,5.251975,0.999700,0.000000,0.024700,0.125000,0.750000,],
			[-1.064562,0.000534,5.028085,0.999700,0.000000,0.024700,0.375000,0.750000,],
			[-1.064562,0.237397,5.028085,0.999700,0.000000,0.024700,0.625000,0.750000,],
			[-1.070099,0.237397,5.251975,0.999700,0.000000,0.024700,0.875000,0.750000,],
			[-1.467188,0.000534,5.236662,0.000000,-1.000000,0.000000,0.125000,0.500000,],
			[-1.461651,0.000534,5.012773,0.000000,-1.000000,0.000000,0.375000,0.500000,],
			[-1.064562,0.000534,5.028085,0.000000,-1.000000,0.000000,0.375000,0.750000,],
			[-1.070099,0.000534,5.251975,0.000000,-1.000000,0.000000,0.125000,0.750000,],
			[-1.461651,0.237397,5.012773,0.000000,1.000000,-0.000000,0.625000,0.500000,],
			[-1.467188,0.237397,5.236662,0.000000,1.000000,-0.000000,0.875000,0.500000,],
			[-1.070099,0.237397,5.251975,0.000000,1.000000,-0.000000,0.875000,0.750000,],
			[-1.064562,0.237397,5.028085,0.000000,1.000000,-0.000000,0.625000,0.750000,],
		];
	}
	getMaterialName(){return this.gl_material[0];}
	getMaterialNs(){return this.gl_material[1];}
	getMaterialKa(){return this.gl_material[2];}
	getMaterialKd(){return this.gl_material[3];}
	getMaterialKs(){return this.gl_material[4];}
	getMaterialKe(){return this.gl_material[5];}
	getMaterialNi(){return this.gl_material[6];}
	getMaterialD(){return this.gl_material[7];}
	getMaterialIllum(){return this.gl_material[8];}
	getMaterialMapKd(){return this.gl_material[9];}
}
let wf_BlockA_004_Cube_008 = new WF_BlockA_004_Cube_008();
/*
	Built lovingly with wfparse
 */
class WF_BlockB_003_Cube_009{
	gl_stride = null;
	gl_data = null;
	gl_material = null;
	constructor(){
		this.gl_material = [
			'StoneMaterial',
			225.000000,
			[1.000000, 1.000000, 1.000000],
			[0.013259, 0.783611, 0.728369],
			[0.500000, 0.500000, 0.500000],
			[0.000000, 0.000000, 0.000000],
			1.450000,
			1.000000,
			0.000000,
			'',
		];
		this.gl_stride = 0;
		this.gl_data = [
			[-1.070930,0.000534,5.802452,-1.000000,0.000000,0.000000,0.375000,0.000000,],
			[-1.070930,0.237397,5.802452,-1.000000,0.000000,0.000000,0.625000,0.000000,],
			[-1.070930,0.237397,5.514532,-1.000000,0.000000,0.000000,0.625000,0.250000,],
			[-1.070930,0.000534,5.514532,-1.000000,0.000000,0.000000,0.375000,0.250000,],
			[-1.070930,0.000534,5.514532,0.000000,0.000000,-1.000000,0.125000,0.500000,],
			[-1.070930,0.237397,5.514532,0.000000,0.000000,-1.000000,0.875000,0.500000,],
			[-0.928063,0.237397,5.514532,0.000000,0.000000,-1.000000,0.625000,0.500000,],
			[-0.928063,0.000534,5.514532,0.000000,0.000000,-1.000000,0.375000,0.500000,],
			[-0.928063,0.000534,5.514532,1.000000,0.000000,0.000000,0.375000,0.500000,],
			[-0.928063,0.237397,5.514532,1.000000,0.000000,0.000000,0.625000,0.500000,],
			[-0.928063,0.237397,5.802452,1.000000,0.000000,0.000000,0.625000,0.750000,],
			[-0.928063,0.000534,5.802452,1.000000,0.000000,0.000000,0.375000,0.750000,],
			[-0.928063,0.000534,5.802452,0.000000,0.000000,1.000000,0.375000,0.750000,],
			[-0.928063,0.237397,5.802452,0.000000,0.000000,1.000000,0.625000,0.750000,],
			[-1.070930,0.237397,5.802452,0.000000,0.000000,1.000000,0.625000,1.000000,],
			[-1.070930,0.000534,5.802452,0.000000,0.000000,1.000000,0.375000,1.000000,],
			[-1.070930,0.000534,5.514532,0.000000,-1.000000,0.000000,0.125000,0.500000,],
			[-0.928063,0.000534,5.514532,0.000000,-1.000000,0.000000,0.375000,0.500000,],
			[-0.928063,0.000534,5.802452,0.000000,-1.000000,0.000000,0.375000,0.750000,],
			[-1.070930,0.000534,5.802452,0.000000,-1.000000,0.000000,0.125000,0.750000,],
			[-0.928063,0.237397,5.514532,0.000000,1.000000,0.000000,0.625000,0.500000,],
			[-1.070930,0.237397,5.514532,0.000000,1.000000,0.000000,0.875000,0.500000,],
			[-1.070930,0.237397,5.802452,0.000000,1.000000,0.000000,0.875000,0.750000,],
			[-0.928063,0.237397,5.802452,0.000000,1.000000,0.000000,0.625000,0.750000,],
		];
	}
	getMaterialName(){return this.gl_material[0];}
	getMaterialNs(){return this.gl_material[1];}
	getMaterialKa(){return this.gl_material[2];}
	getMaterialKd(){return this.gl_material[3];}
	getMaterialKs(){return this.gl_material[4];}
	getMaterialKe(){return this.gl_material[5];}
	getMaterialNi(){return this.gl_material[6];}
	getMaterialD(){return this.gl_material[7];}
	getMaterialIllum(){return this.gl_material[8];}
	getMaterialMapKd(){return this.gl_material[9];}
}
let wf_BlockB_003_Cube_009 = new WF_BlockB_003_Cube_009();
/*
	Built lovingly with wfparse
 */
class WF_flatBlockB_Cube_010{
	gl_stride = null;
	gl_data = null;
	gl_material = null;
	constructor(){
		this.gl_material = [
			'StoneMaterial',
			225.000000,
			[1.000000, 1.000000, 1.000000],
			[0.013259, 0.783611, 0.728369],
			[0.500000, 0.500000, 0.500000],
			[0.000000, 0.000000, 0.000000],
			1.450000,
			1.000000,
			0.000000,
			'',
		];
		this.gl_stride = 0;
		this.gl_data = [
			[1.007894,0.000534,5.103701,-0.001200,0.000000,-1.000000,0.375000,0.000000,],
			[1.007894,0.140464,5.103701,-0.001200,0.000000,-1.000000,0.625000,0.000000,],
			[1.295814,0.140464,5.103344,-0.001200,0.000000,-1.000000,0.625000,0.250000,],
			[1.295814,0.000534,5.103344,-0.001200,0.000000,-1.000000,0.375000,0.250000,],
			[1.295814,0.000534,5.103344,1.000000,0.000000,-0.001200,0.125000,0.500000,],
			[1.295814,0.140464,5.103344,1.000000,0.000000,-0.001200,0.875000,0.500000,],
			[1.295991,0.140464,5.246211,1.000000,0.000000,-0.001200,0.625000,0.500000,],
			[1.295991,0.000534,5.246211,1.000000,0.000000,-0.001200,0.375000,0.500000,],
			[1.295991,0.000534,5.246211,0.001200,0.000000,1.000000,0.375000,0.500000,],
			[1.295991,0.140464,5.246211,0.001200,0.000000,1.000000,0.625000,0.500000,],
			[1.008071,0.140464,5.246568,0.001200,0.000000,1.000000,0.625000,0.750000,],
			[1.008071,0.000534,5.246568,0.001200,0.000000,1.000000,0.375000,0.750000,],
			[1.008071,0.000534,5.246568,-1.000000,0.000000,0.001200,0.375000,0.750000,],
			[1.008071,0.140464,5.246568,-1.000000,0.000000,0.001200,0.625000,0.750000,],
			[1.007894,0.140464,5.103701,-1.000000,0.000000,0.001200,0.625000,1.000000,],
			[1.007894,0.000534,5.103701,-1.000000,0.000000,0.001200,0.375000,1.000000,],
			[1.295814,0.000534,5.103344,0.000000,-1.000000,-0.000000,0.125000,0.500000,],
			[1.295991,0.000534,5.246211,0.000000,-1.000000,-0.000000,0.375000,0.500000,],
			[1.008071,0.000534,5.246568,0.000000,-1.000000,-0.000000,0.375000,0.750000,],
			[1.007894,0.000534,5.103701,0.000000,-1.000000,-0.000000,0.125000,0.750000,],
			[1.295991,0.140464,5.246211,0.000000,1.000000,0.000000,0.625000,0.500000,],
			[1.295814,0.140464,5.103344,0.000000,1.000000,0.000000,0.875000,0.500000,],
			[1.007894,0.140464,5.103701,0.000000,1.000000,0.000000,0.875000,0.750000,],
			[1.008071,0.140464,5.246568,0.000000,1.000000,0.000000,0.625000,0.750000,],
		];
	}
	getMaterialName(){return this.gl_material[0];}
	getMaterialNs(){return this.gl_material[1];}
	getMaterialKa(){return this.gl_material[2];}
	getMaterialKd(){return this.gl_material[3];}
	getMaterialKs(){return this.gl_material[4];}
	getMaterialKe(){return this.gl_material[5];}
	getMaterialNi(){return this.gl_material[6];}
	getMaterialD(){return this.gl_material[7];}
	getMaterialIllum(){return this.gl_material[8];}
	getMaterialMapKd(){return this.gl_material[9];}
}
let wf_flatBlockB_Cube_010 = new WF_flatBlockB_Cube_010();
/*
	Built lovingly with wfparse
 */
class WF_flatBlockB_001_Cube_011{
	gl_stride = null;
	gl_data = null;
	gl_material = null;
	constructor(){
		this.gl_material = [
			'StoneMaterial',
			225.000000,
			[1.000000, 1.000000, 1.000000],
			[0.013259, 0.783611, 0.728369],
			[0.500000, 0.500000, 0.500000],
			[0.000000, 0.000000, 0.000000],
			1.450000,
			1.000000,
			0.000000,
			'',
		];
		this.gl_stride = 0;
		this.gl_data = [
			[1.960104,0.000534,5.103701,-0.001200,0.000000,-1.000000,0.375000,0.000000,],
			[1.960104,0.140464,5.103701,-0.001200,0.000000,-1.000000,0.625000,0.000000,],
			[2.248024,0.140464,5.103344,-0.001200,0.000000,-1.000000,0.625000,0.250000,],
			[2.248024,0.000534,5.103344,-0.001200,0.000000,-1.000000,0.375000,0.250000,],
			[2.248024,0.000534,5.103344,1.000000,0.000000,-0.001200,0.125000,0.500000,],
			[2.248024,0.140464,5.103344,1.000000,0.000000,-0.001200,0.875000,0.500000,],
			[2.248201,0.140464,5.246211,1.000000,0.000000,-0.001200,0.625000,0.500000,],
			[2.248201,0.000534,5.246211,1.000000,0.000000,-0.001200,0.375000,0.500000,],
			[2.248201,0.000534,5.246211,0.001200,0.000000,1.000000,0.375000,0.500000,],
			[2.248201,0.140464,5.246211,0.001200,0.000000,1.000000,0.625000,0.500000,],
			[1.960281,0.140464,5.246568,0.001200,0.000000,1.000000,0.625000,0.750000,],
			[1.960281,0.000534,5.246568,0.001200,0.000000,1.000000,0.375000,0.750000,],
			[1.960281,0.000534,5.246568,-1.000000,0.000000,0.001200,0.375000,0.750000,],
			[1.960281,0.140464,5.246568,-1.000000,0.000000,0.001200,0.625000,0.750000,],
			[1.960104,0.140464,5.103701,-1.000000,0.000000,0.001200,0.625000,1.000000,],
			[1.960104,0.000534,5.103701,-1.000000,0.000000,0.001200,0.375000,1.000000,],
			[2.248024,0.000534,5.103344,0.000000,-1.000000,-0.000000,0.125000,0.500000,],
			[2.248201,0.000534,5.246211,0.000000,-1.000000,-0.000000,0.375000,0.500000,],
			[1.960281,0.000534,5.246568,0.000000,-1.000000,-0.000000,0.375000,0.750000,],
			[1.960104,0.000534,5.103701,0.000000,-1.000000,-0.000000,0.125000,0.750000,],
			[2.248201,0.140464,5.246211,0.000000,1.000000,0.000000,0.625000,0.500000,],
			[2.248024,0.140464,5.103344,0.000000,1.000000,0.000000,0.875000,0.500000,],
			[1.960104,0.140464,5.103701,0.000000,1.000000,0.000000,0.875000,0.750000,],
			[1.960281,0.140464,5.246568,0.000000,1.000000,0.000000,0.625000,0.750000,],
		];
	}
	getMaterialName(){return this.gl_material[0];}
	getMaterialNs(){return this.gl_material[1];}
	getMaterialKa(){return this.gl_material[2];}
	getMaterialKd(){return this.gl_material[3];}
	getMaterialKs(){return this.gl_material[4];}
	getMaterialKe(){return this.gl_material[5];}
	getMaterialNi(){return this.gl_material[6];}
	getMaterialD(){return this.gl_material[7];}
	getMaterialIllum(){return this.gl_material[8];}
	getMaterialMapKd(){return this.gl_material[9];}
}
let wf_flatBlockB_001_Cube_011 = new WF_flatBlockB_001_Cube_011();
/*
	Built lovingly with wfparse
 */
class WF_flatBlockB_002_Cube_012{
	gl_stride = null;
	gl_data = null;
	gl_material = null;
	constructor(){
		this.gl_material = [
			'StoneMaterial',
			225.000000,
			[1.000000, 1.000000, 1.000000],
			[0.013259, 0.783611, 0.728369],
			[0.500000, 0.500000, 0.500000],
			[0.000000, 0.000000, 0.000000],
			1.450000,
			1.000000,
			0.000000,
			'',
		];
		this.gl_stride = 0;
		this.gl_data = [
			[2.255480,0.000534,5.103701,-0.000200,0.000000,-1.000000,0.375000,0.000000,],
			[2.255480,0.140464,5.103701,-0.000200,0.000000,-1.000000,0.625000,0.000000,],
			[3.951081,0.140464,5.103344,-0.000200,0.000000,-1.000000,0.625000,0.250000,],
			[3.951081,0.000534,5.103344,-0.000200,0.000000,-1.000000,0.375000,0.250000,],
			[3.951081,0.000534,5.103344,1.000000,0.000000,-0.001200,0.125000,0.500000,],
			[3.951081,0.140464,5.103344,1.000000,0.000000,-0.001200,0.875000,0.500000,],
			[3.951258,0.140464,5.246211,1.000000,0.000000,-0.001200,0.625000,0.500000,],
			[3.951258,0.000534,5.246211,1.000000,0.000000,-0.001200,0.375000,0.500000,],
			[3.951258,0.000534,5.246211,0.000200,0.000000,1.000000,0.375000,0.500000,],
			[3.951258,0.140464,5.246211,0.000200,0.000000,1.000000,0.625000,0.500000,],
			[2.255657,0.140464,5.246568,0.000200,0.000000,1.000000,0.625000,0.750000,],
			[2.255657,0.000534,5.246568,0.000200,0.000000,1.000000,0.375000,0.750000,],
			[2.255657,0.000534,5.246568,-1.000000,0.000000,0.001200,0.375000,0.750000,],
			[2.255657,0.140464,5.246568,-1.000000,0.000000,0.001200,0.625000,0.750000,],
			[2.255480,0.140464,5.103701,-1.000000,0.000000,0.001200,0.625000,1.000000,],
			[2.255480,0.000534,5.103701,-1.000000,0.000000,0.001200,0.375000,1.000000,],
			[3.951081,0.000534,5.103344,0.000000,-1.000000,-0.000000,0.125000,0.500000,],
			[3.951258,0.000534,5.246211,0.000000,-1.000000,-0.000000,0.375000,0.500000,],
			[2.255657,0.000534,5.246568,0.000000,-1.000000,-0.000000,0.375000,0.750000,],
			[2.255480,0.000534,5.103701,0.000000,-1.000000,-0.000000,0.125000,0.750000,],
			[3.951258,0.140464,5.246211,0.000000,1.000000,0.000000,0.625000,0.500000,],
			[3.951081,0.140464,5.103344,0.000000,1.000000,0.000000,0.875000,0.500000,],
			[2.255480,0.140464,5.103701,0.000000,1.000000,0.000000,0.875000,0.750000,],
			[2.255657,0.140464,5.246568,0.000000,1.000000,0.000000,0.625000,0.750000,],
		];
	}
	getMaterialName(){return this.gl_material[0];}
	getMaterialNs(){return this.gl_material[1];}
	getMaterialKa(){return this.gl_material[2];}
	getMaterialKd(){return this.gl_material[3];}
	getMaterialKs(){return this.gl_material[4];}
	getMaterialKe(){return this.gl_material[5];}
	getMaterialNi(){return this.gl_material[6];}
	getMaterialD(){return this.gl_material[7];}
	getMaterialIllum(){return this.gl_material[8];}
	getMaterialMapKd(){return this.gl_material[9];}
}
let wf_flatBlockB_002_Cube_012 = new WF_flatBlockB_002_Cube_012();
/*
	Built lovingly with wfparse
 */
class WF_BlockA_005_Cube_013{
	gl_stride = null;
	gl_data = null;
	gl_material = null;
	constructor(){
		this.gl_material = [
			'StoneMaterial',
			225.000000,
			[1.000000, 1.000000, 1.000000],
			[0.013259, 0.783611, 0.728369],
			[0.500000, 0.500000, 0.500000],
			[0.000000, 0.000000, 0.000000],
			1.450000,
			1.000000,
			0.000000,
			'',
		];
		this.gl_stride = 0;
		this.gl_data = [
			[-1.061276,0.000534,5.482900,-1.000000,0.000000,0.000000,0.375000,0.000000,],
			[-1.061276,0.237397,5.482900,-1.000000,0.000000,0.000000,0.625000,0.000000,],
			[-1.061276,0.237397,5.085516,-1.000000,0.000000,0.000000,0.625000,0.250000,],
			[-1.061276,0.000534,5.085516,-1.000000,0.000000,0.000000,0.375000,0.250000,],
			[-1.061276,0.000534,5.085516,0.000000,0.000000,-1.000000,0.375000,0.250000,],
			[-1.061276,0.237397,5.085516,0.000000,0.000000,-1.000000,0.625000,0.250000,],
			[-0.917591,0.237397,5.085516,0.000000,0.000000,-1.000000,0.625000,0.500000,],
			[-0.917591,0.000534,5.085516,0.000000,0.000000,-1.000000,0.375000,0.500000,],
			[-0.917591,0.000534,5.085516,1.000000,0.000000,0.000000,0.375000,0.500000,],
			[-0.917591,0.237397,5.085516,1.000000,0.000000,0.000000,0.625000,0.500000,],
			[-0.917591,0.237397,5.482900,1.000000,0.000000,0.000000,0.625000,0.750000,],
			[-0.917591,0.000534,5.482900,1.000000,0.000000,0.000000,0.375000,0.750000,],
			[-1.061276,0.000534,5.482900,-0.000000,0.000000,1.000000,0.125000,0.750000,],
			[-0.917591,0.000534,5.482900,-0.000000,0.000000,1.000000,0.375000,0.750000,],
			[-0.917591,0.237397,5.482900,-0.000000,0.000000,1.000000,0.625000,0.750000,],
			[-1.061276,0.237397,5.482900,-0.000000,0.000000,1.000000,0.875000,0.750000,],
			[-1.061276,0.000534,5.085516,0.000000,-1.000000,0.000000,0.125000,0.500000,],
			[-0.917591,0.000534,5.085516,0.000000,-1.000000,0.000000,0.375000,0.500000,],
			[-0.917591,0.000534,5.482900,0.000000,-1.000000,0.000000,0.375000,0.750000,],
			[-1.061276,0.000534,5.482900,0.000000,-1.000000,0.000000,0.125000,0.750000,],
			[-0.917591,0.237397,5.085516,0.000000,1.000000,0.000000,0.625000,0.500000,],
			[-1.061276,0.237397,5.085516,0.000000,1.000000,0.000000,0.875000,0.500000,],
			[-1.061276,0.237397,5.482900,0.000000,1.000000,0.000000,0.875000,0.750000,],
			[-0.917591,0.237397,5.482900,0.000000,1.000000,0.000000,0.625000,0.750000,],
		];
	}
	getMaterialName(){return this.gl_material[0];}
	getMaterialNs(){return this.gl_material[1];}
	getMaterialKa(){return this.gl_material[2];}
	getMaterialKd(){return this.gl_material[3];}
	getMaterialKs(){return this.gl_material[4];}
	getMaterialKe(){return this.gl_material[5];}
	getMaterialNi(){return this.gl_material[6];}
	getMaterialD(){return this.gl_material[7];}
	getMaterialIllum(){return this.gl_material[8];}
	getMaterialMapKd(){return this.gl_material[9];}
}
let wf_BlockA_005_Cube_013 = new WF_BlockA_005_Cube_013();
/*
	Built lovingly with wfparse
 */
class WF_BlockA_006_Cube_014{
	gl_stride = null;
	gl_data = null;
	gl_material = null;
	constructor(){
		this.gl_material = [
			'StoneMaterial',
			225.000000,
			[1.000000, 1.000000, 1.000000],
			[0.013259, 0.783611, 0.728369],
			[0.500000, 0.500000, 0.500000],
			[0.000000, 0.000000, 0.000000],
			1.450000,
			1.000000,
			0.000000,
			'',
		];
		this.gl_stride = 0;
		this.gl_data = [
			[-1.864590,0.000534,5.028680,-0.009800,0.000000,-1.000000,0.375000,0.000000,],
			[-1.864590,0.237397,5.028680,-0.009800,0.000000,-1.000000,0.625000,0.000000,],
			[-1.467224,0.237397,5.024800,-0.009800,0.000000,-1.000000,0.625000,0.250000,],
			[-1.467224,0.000534,5.024800,-0.009800,0.000000,-1.000000,0.375000,0.250000,],
			[-1.467224,0.000534,5.024800,1.000000,0.000000,-0.009800,0.375000,0.250000,],
			[-1.467224,0.237397,5.024800,1.000000,0.000000,-0.009800,0.625000,0.250000,],
			[-1.465821,0.237397,5.168478,1.000000,0.000000,-0.009800,0.625000,0.500000,],
			[-1.465821,0.000534,5.168478,1.000000,0.000000,-0.009800,0.375000,0.500000,],
			[-1.465821,0.000534,5.168478,0.009800,0.000000,1.000000,0.375000,0.500000,],
			[-1.465821,0.237397,5.168478,0.009800,0.000000,1.000000,0.625000,0.500000,],
			[-1.863187,0.237397,5.172358,0.009800,0.000000,1.000000,0.625000,0.750000,],
			[-1.863187,0.000534,5.172358,0.009800,0.000000,1.000000,0.375000,0.750000,],
			[-1.864590,0.000534,5.028680,-1.000000,0.000000,0.009800,0.125000,0.750000,],
			[-1.863187,0.000534,5.172358,-1.000000,0.000000,0.009800,0.375000,0.750000,],
			[-1.863187,0.237397,5.172358,-1.000000,0.000000,0.009800,0.625000,0.750000,],
			[-1.864590,0.237397,5.028680,-1.000000,0.000000,0.009800,0.875000,0.750000,],
			[-1.467224,0.000534,5.024800,0.000000,-1.000000,-0.000000,0.125000,0.500000,],
			[-1.465821,0.000534,5.168478,0.000000,-1.000000,-0.000000,0.375000,0.500000,],
			[-1.863187,0.000534,5.172358,0.000000,-1.000000,-0.000000,0.375000,0.750000,],
			[-1.864590,0.000534,5.028680,0.000000,-1.000000,-0.000000,0.125000,0.750000,],
			[-1.465821,0.237397,5.168478,0.000000,1.000000,0.000000,0.625000,0.500000,],
			[-1.467224,0.237397,5.024800,0.000000,1.000000,0.000000,0.875000,0.500000,],
			[-1.864590,0.237397,5.028680,0.000000,1.000000,0.000000,0.875000,0.750000,],
			[-1.863187,0.237397,5.172358,0.000000,1.000000,0.000000,0.625000,0.750000,],
		];
	}
	getMaterialName(){return this.gl_material[0];}
	getMaterialNs(){return this.gl_material[1];}
	getMaterialKa(){return this.gl_material[2];}
	getMaterialKd(){return this.gl_material[3];}
	getMaterialKs(){return this.gl_material[4];}
	getMaterialKe(){return this.gl_material[5];}
	getMaterialNi(){return this.gl_material[6];}
	getMaterialD(){return this.gl_material[7];}
	getMaterialIllum(){return this.gl_material[8];}
	getMaterialMapKd(){return this.gl_material[9];}
}
let wf_BlockA_006_Cube_014 = new WF_BlockA_006_Cube_014();
/*
	Built lovingly with wfparse
 */
class WF_BlockA_007_Cube_015{
	gl_stride = null;
	gl_data = null;
	gl_material = null;
	constructor(){
		this.gl_material = [
			'StoneMaterial',
			225.000000,
			[1.000000, 1.000000, 1.000000],
			[0.013259, 0.783611, 0.728369],
			[0.500000, 0.500000, 0.500000],
			[0.000000, 0.000000, 0.000000],
			1.450000,
			1.000000,
			0.000000,
			'',
		];
		this.gl_stride = 0;
		this.gl_data = [
			[-2.276296,0.000534,5.016192,-0.009800,0.000000,-1.000000,0.375000,0.000000,],
			[-2.276296,0.237397,5.016192,-0.009800,0.000000,-1.000000,0.625000,0.000000,],
			[-1.878931,0.237397,5.012311,-0.009800,0.000000,-1.000000,0.625000,0.250000,],
			[-1.878931,0.000534,5.012311,-0.009800,0.000000,-1.000000,0.375000,0.250000,],
			[-1.878931,0.000534,5.012311,1.000000,0.000000,-0.009800,0.375000,0.250000,],
			[-1.878931,0.237397,5.012311,1.000000,0.000000,-0.009800,0.625000,0.250000,],
			[-1.877527,0.237397,5.155990,1.000000,0.000000,-0.009800,0.625000,0.500000,],
			[-1.877527,0.000534,5.155990,1.000000,0.000000,-0.009800,0.375000,0.500000,],
			[-1.877527,0.000534,5.155990,0.009800,0.000000,1.000000,0.375000,0.500000,],
			[-1.877527,0.237397,5.155990,0.009800,0.000000,1.000000,0.625000,0.500000,],
			[-2.274893,0.237397,5.159870,0.009800,0.000000,1.000000,0.625000,0.750000,],
			[-2.274893,0.000534,5.159870,0.009800,0.000000,1.000000,0.375000,0.750000,],
			[-2.276296,0.000534,5.016192,-1.000000,0.000000,0.009800,0.125000,0.750000,],
			[-2.274893,0.000534,5.159870,-1.000000,0.000000,0.009800,0.375000,0.750000,],
			[-2.274893,0.237397,5.159870,-1.000000,0.000000,0.009800,0.625000,0.750000,],
			[-2.276296,0.237397,5.016192,-1.000000,0.000000,0.009800,0.875000,0.750000,],
			[-1.878931,0.000534,5.012311,0.000000,-1.000000,-0.000000,0.125000,0.500000,],
			[-1.877527,0.000534,5.155990,0.000000,-1.000000,-0.000000,0.375000,0.500000,],
			[-2.274893,0.000534,5.159870,0.000000,-1.000000,-0.000000,0.375000,0.750000,],
			[-2.276296,0.000534,5.016192,0.000000,-1.000000,-0.000000,0.125000,0.750000,],
			[-1.877527,0.237397,5.155990,0.000000,1.000000,0.000000,0.625000,0.500000,],
			[-1.878931,0.237397,5.012311,0.000000,1.000000,0.000000,0.875000,0.500000,],
			[-2.276296,0.237397,5.016192,0.000000,1.000000,0.000000,0.875000,0.750000,],
			[-2.274893,0.237397,5.159870,0.000000,1.000000,0.000000,0.625000,0.750000,],
		];
	}
	getMaterialName(){return this.gl_material[0];}
	getMaterialNs(){return this.gl_material[1];}
	getMaterialKa(){return this.gl_material[2];}
	getMaterialKd(){return this.gl_material[3];}
	getMaterialKs(){return this.gl_material[4];}
	getMaterialKe(){return this.gl_material[5];}
	getMaterialNi(){return this.gl_material[6];}
	getMaterialD(){return this.gl_material[7];}
	getMaterialIllum(){return this.gl_material[8];}
	getMaterialMapKd(){return this.gl_material[9];}
}
let wf_BlockA_007_Cube_015 = new WF_BlockA_007_Cube_015();
/*
	Built lovingly with wfparse
 */
class WF_BlockA_008_Cube_016{
	gl_stride = null;
	gl_data = null;
	gl_material = null;
	constructor(){
		this.gl_material = [
			'StoneMaterial',
			225.000000,
			[1.000000, 1.000000, 1.000000],
			[0.013259, 0.783611, 0.728369],
			[0.500000, 0.500000, 0.500000],
			[0.000000, 0.000000, 0.000000],
			1.450000,
			1.000000,
			0.000000,
			'',
		];
		this.gl_stride = 0;
		this.gl_data = [
			[-2.681576,0.000534,5.026986,-0.009800,0.000000,-1.000000,0.375000,0.000000,],
			[-2.681576,0.237397,5.026986,-0.009800,0.000000,-1.000000,0.625000,0.000000,],
			[-2.284210,0.237397,5.023106,-0.009800,0.000000,-1.000000,0.625000,0.250000,],
			[-2.284210,0.000534,5.023106,-0.009800,0.000000,-1.000000,0.375000,0.250000,],
			[-2.284210,0.000534,5.023106,1.000000,0.000000,-0.009800,0.375000,0.250000,],
			[-2.284210,0.237397,5.023106,1.000000,0.000000,-0.009800,0.625000,0.250000,],
			[-2.282807,0.237397,5.166784,1.000000,0.000000,-0.009800,0.625000,0.500000,],
			[-2.282807,0.000534,5.166784,1.000000,0.000000,-0.009800,0.375000,0.500000,],
			[-2.282807,0.000534,5.166784,0.009800,0.000000,1.000000,0.375000,0.500000,],
			[-2.282807,0.237397,5.166784,0.009800,0.000000,1.000000,0.625000,0.500000,],
			[-2.680172,0.237397,5.170664,0.009800,0.000000,1.000000,0.625000,0.750000,],
			[-2.680172,0.000534,5.170664,0.009800,0.000000,1.000000,0.375000,0.750000,],
			[-2.681576,0.000534,5.026986,-1.000000,0.000000,0.009800,0.125000,0.750000,],
			[-2.680172,0.000534,5.170664,-1.000000,0.000000,0.009800,0.375000,0.750000,],
			[-2.680172,0.237397,5.170664,-1.000000,0.000000,0.009800,0.625000,0.750000,],
			[-2.681576,0.237397,5.026986,-1.000000,0.000000,0.009800,0.875000,0.750000,],
			[-2.284210,0.000534,5.023106,0.000000,-1.000000,-0.000000,0.125000,0.500000,],
			[-2.282807,0.000534,5.166784,0.000000,-1.000000,-0.000000,0.375000,0.500000,],
			[-2.680172,0.000534,5.170664,0.000000,-1.000000,-0.000000,0.375000,0.750000,],
			[-2.681576,0.000534,5.026986,0.000000,-1.000000,-0.000000,0.125000,0.750000,],
			[-2.282807,0.237397,5.166784,0.000000,1.000000,0.000000,0.625000,0.500000,],
			[-2.284210,0.237397,5.023106,0.000000,1.000000,0.000000,0.875000,0.500000,],
			[-2.681576,0.237397,5.026986,0.000000,1.000000,0.000000,0.875000,0.750000,],
			[-2.680172,0.237397,5.170664,0.000000,1.000000,0.000000,0.625000,0.750000,],
		];
	}
	getMaterialName(){return this.gl_material[0];}
	getMaterialNs(){return this.gl_material[1];}
	getMaterialKa(){return this.gl_material[2];}
	getMaterialKd(){return this.gl_material[3];}
	getMaterialKs(){return this.gl_material[4];}
	getMaterialKe(){return this.gl_material[5];}
	getMaterialNi(){return this.gl_material[6];}
	getMaterialD(){return this.gl_material[7];}
	getMaterialIllum(){return this.gl_material[8];}
	getMaterialMapKd(){return this.gl_material[9];}
}
let wf_BlockA_008_Cube_016 = new WF_BlockA_008_Cube_016();
/*
	Built lovingly with wfparse
 */
class WF_BlockA_009_Cube_017{
	gl_stride = null;
	gl_data = null;
	gl_material = null;
	constructor(){
		this.gl_material = [
			'StoneMaterial',
			225.000000,
			[1.000000, 1.000000, 1.000000],
			[0.013259, 0.783611, 0.728369],
			[0.500000, 0.500000, 0.500000],
			[0.000000, 0.000000, 0.000000],
			1.450000,
			1.000000,
			0.000000,
			'',
		];
		this.gl_stride = 0;
		this.gl_data = [
			[-3.082234,0.000534,5.034333,-0.009800,0.000000,-1.000000,0.375000,0.000000,],
			[-3.082234,0.237397,5.034333,-0.009800,0.000000,-1.000000,0.625000,0.000000,],
			[-2.684869,0.237397,5.030453,-0.009800,0.000000,-1.000000,0.625000,0.250000,],
			[-2.684869,0.000534,5.030453,-0.009800,0.000000,-1.000000,0.375000,0.250000,],
			[-2.684869,0.000534,5.030453,1.000000,0.000000,-0.009800,0.375000,0.250000,],
			[-2.684869,0.237397,5.030453,1.000000,0.000000,-0.009800,0.625000,0.250000,],
			[-2.683465,0.237397,5.174131,1.000000,0.000000,-0.009800,0.625000,0.500000,],
			[-2.683465,0.000534,5.174131,1.000000,0.000000,-0.009800,0.375000,0.500000,],
			[-2.683465,0.000534,5.174131,0.009800,0.000000,1.000000,0.375000,0.500000,],
			[-2.683465,0.237397,5.174131,0.009800,0.000000,1.000000,0.625000,0.500000,],
			[-3.080831,0.237397,5.178011,0.009800,0.000000,1.000000,0.625000,0.750000,],
			[-3.080831,0.000534,5.178011,0.009800,0.000000,1.000000,0.375000,0.750000,],
			[-3.082234,0.000534,5.034333,-1.000000,0.000000,0.009800,0.125000,0.750000,],
			[-3.080831,0.000534,5.178011,-1.000000,0.000000,0.009800,0.375000,0.750000,],
			[-3.080831,0.237397,5.178011,-1.000000,0.000000,0.009800,0.625000,0.750000,],
			[-3.082234,0.237397,5.034333,-1.000000,0.000000,0.009800,0.875000,0.750000,],
			[-2.684869,0.000534,5.030453,0.000000,-1.000000,-0.000000,0.125000,0.500000,],
			[-2.683465,0.000534,5.174131,0.000000,-1.000000,-0.000000,0.375000,0.500000,],
			[-3.080831,0.000534,5.178011,0.000000,-1.000000,-0.000000,0.375000,0.750000,],
			[-3.082234,0.000534,5.034333,0.000000,-1.000000,-0.000000,0.125000,0.750000,],
			[-2.683465,0.237397,5.174131,0.000000,1.000000,0.000000,0.625000,0.500000,],
			[-2.684869,0.237397,5.030453,0.000000,1.000000,0.000000,0.875000,0.500000,],
			[-3.082234,0.237397,5.034333,0.000000,1.000000,0.000000,0.875000,0.750000,],
			[-3.080831,0.237397,5.178011,0.000000,1.000000,0.000000,0.625000,0.750000,],
		];
	}
	getMaterialName(){return this.gl_material[0];}
	getMaterialNs(){return this.gl_material[1];}
	getMaterialKa(){return this.gl_material[2];}
	getMaterialKd(){return this.gl_material[3];}
	getMaterialKs(){return this.gl_material[4];}
	getMaterialKe(){return this.gl_material[5];}
	getMaterialNi(){return this.gl_material[6];}
	getMaterialD(){return this.gl_material[7];}
	getMaterialIllum(){return this.gl_material[8];}
	getMaterialMapKd(){return this.gl_material[9];}
}
let wf_BlockA_009_Cube_017 = new WF_BlockA_009_Cube_017();
/*
	Built lovingly with wfparse
 */
class WF_BlockA_010_Cube_018{
	gl_stride = null;
	gl_data = null;
	gl_material = null;
	constructor(){
		this.gl_material = [
			'StoneMaterial',
			225.000000,
			[1.000000, 1.000000, 1.000000],
			[0.013259, 0.783611, 0.728369],
			[0.500000, 0.500000, 0.500000],
			[0.000000, 0.000000, 0.000000],
			1.450000,
			1.000000,
			0.000000,
			'',
		];
		this.gl_stride = 0;
		this.gl_data = [
			[-3.488654,0.000534,5.037012,-0.009800,0.000000,-1.000000,0.375000,0.000000,],
			[-3.488654,0.237397,5.037012,-0.009800,0.000000,-1.000000,0.625000,0.000000,],
			[-3.091289,0.237397,5.033132,-0.009800,0.000000,-1.000000,0.625000,0.250000,],
			[-3.091289,0.000534,5.033132,-0.009800,0.000000,-1.000000,0.375000,0.250000,],
			[-3.091289,0.000534,5.033132,1.000000,0.000000,-0.009800,0.375000,0.250000,],
			[-3.091289,0.237397,5.033132,1.000000,0.000000,-0.009800,0.625000,0.250000,],
			[-3.089886,0.237397,5.176809,1.000000,0.000000,-0.009800,0.625000,0.500000,],
			[-3.089886,0.000534,5.176809,1.000000,0.000000,-0.009800,0.375000,0.500000,],
			[-3.089886,0.000534,5.176809,0.009800,0.000000,1.000000,0.375000,0.500000,],
			[-3.089886,0.237397,5.176809,0.009800,0.000000,1.000000,0.625000,0.500000,],
			[-3.487251,0.237397,5.180690,0.009800,0.000000,1.000000,0.625000,0.750000,],
			[-3.487251,0.000534,5.180690,0.009800,0.000000,1.000000,0.375000,0.750000,],
			[-3.488654,0.000534,5.037012,-1.000000,0.000000,0.009800,0.125000,0.750000,],
			[-3.487251,0.000534,5.180690,-1.000000,0.000000,0.009800,0.375000,0.750000,],
			[-3.487251,0.237397,5.180690,-1.000000,0.000000,0.009800,0.625000,0.750000,],
			[-3.488654,0.237397,5.037012,-1.000000,0.000000,0.009800,0.875000,0.750000,],
			[-3.091289,0.000534,5.033132,0.000000,-1.000000,0.000000,0.125000,0.500000,],
			[-3.089886,0.000534,5.176809,0.000000,-1.000000,0.000000,0.375000,0.500000,],
			[-3.487251,0.000534,5.180690,0.000000,-1.000000,0.000000,0.375000,0.750000,],
			[-3.488654,0.000534,5.037012,0.000000,-1.000000,0.000000,0.125000,0.750000,],
			[-3.089886,0.237397,5.176809,0.000000,1.000000,0.000000,0.625000,0.500000,],
			[-3.091289,0.237397,5.033132,0.000000,1.000000,0.000000,0.875000,0.500000,],
			[-3.488654,0.237397,5.037012,0.000000,1.000000,0.000000,0.875000,0.750000,],
			[-3.487251,0.237397,5.180690,0.000000,1.000000,0.000000,0.625000,0.750000,],
		];
	}
	getMaterialName(){return this.gl_material[0];}
	getMaterialNs(){return this.gl_material[1];}
	getMaterialKa(){return this.gl_material[2];}
	getMaterialKd(){return this.gl_material[3];}
	getMaterialKs(){return this.gl_material[4];}
	getMaterialKe(){return this.gl_material[5];}
	getMaterialNi(){return this.gl_material[6];}
	getMaterialD(){return this.gl_material[7];}
	getMaterialIllum(){return this.gl_material[8];}
	getMaterialMapKd(){return this.gl_material[9];}
}
let wf_BlockA_010_Cube_018 = new WF_BlockA_010_Cube_018();
/*
	Built lovingly with wfparse
 */
class WF_Cube{
	gl_stride = null;
	gl_data = null;
	gl_material = null;
	constructor(){
		this.gl_material = [
			'StoneMaterial',
			225.000000,
			[1.000000, 1.000000, 1.000000],
			[0.013259, 0.783611, 0.728369],
			[0.500000, 0.500000, 0.500000],
			[0.000000, 0.000000, 0.000000],
			1.450000,
			1.000000,
			0.000000,
			'',
		];
		this.gl_stride = 0;
		this.gl_data = [
			[-0.047615,0.004870,5.690624,-1.000000,0.000000,0.000000,0.375000,0.000000,],
			[-0.047615,0.309849,5.690624,-1.000000,0.000000,0.000000,0.625000,0.000000,],
			[-0.047615,0.309849,5.385644,-1.000000,0.000000,0.000000,0.625000,0.250000,],
			[-0.047615,0.004870,5.385644,-1.000000,0.000000,0.000000,0.375000,0.250000,],
			[-0.047615,0.004870,5.385644,0.000000,0.000000,-1.000000,0.375000,0.250000,],
			[-0.047615,0.309849,5.385644,0.000000,0.000000,-1.000000,0.625000,0.250000,],
			[0.257364,0.309849,5.385644,0.000000,0.000000,-1.000000,0.625000,0.500000,],
			[0.257364,0.004870,5.385644,0.000000,0.000000,-1.000000,0.375000,0.500000,],
			[0.257364,0.004870,5.385644,1.000000,0.000000,0.000000,0.375000,0.500000,],
			[0.257364,0.309849,5.385644,1.000000,0.000000,0.000000,0.625000,0.500000,],
			[0.257364,0.309849,5.690624,1.000000,0.000000,0.000000,0.625000,0.750000,],
			[0.257364,0.004870,5.690624,1.000000,0.000000,0.000000,0.375000,0.750000,],
			[0.257364,0.004870,5.690624,0.000000,0.000000,1.000000,0.375000,0.750000,],
			[0.257364,0.309849,5.690624,0.000000,0.000000,1.000000,0.625000,0.750000,],
			[-0.047615,0.309849,5.690624,0.000000,0.000000,1.000000,0.625000,1.000000,],
			[-0.047615,0.004870,5.690624,0.000000,0.000000,1.000000,0.375000,1.000000,],
			[-0.047615,0.004870,5.385644,0.000000,-1.000000,0.000000,0.125000,0.500000,],
			[0.257364,0.004870,5.385644,0.000000,-1.000000,0.000000,0.375000,0.500000,],
			[0.257364,0.004870,5.690624,0.000000,-1.000000,0.000000,0.375000,0.750000,],
			[-0.047615,0.004870,5.690624,0.000000,-1.000000,0.000000,0.125000,0.750000,],
			[0.257364,0.309849,5.385644,0.000000,1.000000,0.000000,0.625000,0.500000,],
			[-0.047615,0.309849,5.385644,0.000000,1.000000,0.000000,0.875000,0.500000,],
			[-0.047615,0.309849,5.690624,0.000000,1.000000,0.000000,0.875000,0.750000,],
			[0.257364,0.309849,5.690624,0.000000,1.000000,0.000000,0.625000,0.750000,],
		];
	}
	getMaterialName(){return this.gl_material[0];}
	getMaterialNs(){return this.gl_material[1];}
	getMaterialKa(){return this.gl_material[2];}
	getMaterialKd(){return this.gl_material[3];}
	getMaterialKs(){return this.gl_material[4];}
	getMaterialKe(){return this.gl_material[5];}
	getMaterialNi(){return this.gl_material[6];}
	getMaterialD(){return this.gl_material[7];}
	getMaterialIllum(){return this.gl_material[8];}
	getMaterialMapKd(){return this.gl_material[9];}
}
let wf_Cube = new WF_Cube();
/*
	Built lovingly with wfparse
 */
class WF_Cube_001_Cube_020{
	gl_stride = null;
	gl_data = null;
	gl_material = null;
	constructor(){
		this.gl_material = [
			'StoneMaterial',
			225.000000,
			[1.000000, 1.000000, 1.000000],
			[0.013259, 0.783611, 0.728369],
			[0.500000, 0.500000, 0.500000],
			[0.000000, 0.000000, 0.000000],
			1.450000,
			1.000000,
			0.000000,
			'',
		];
		this.gl_stride = 0;
		this.gl_data = [
			[0.020206,0.295718,5.622803,-1.000000,0.000000,0.000000,0.375000,0.000000,],
			[0.020206,0.613018,5.622803,-1.000000,0.000000,0.000000,0.625000,0.000000,],
			[0.020206,0.613018,5.453465,-1.000000,0.000000,0.000000,0.625000,0.250000,],
			[0.020206,0.295718,5.453465,-1.000000,0.000000,0.000000,0.375000,0.250000,],
			[0.020206,0.295718,5.453465,0.000000,0.000000,-1.000000,0.375000,0.250000,],
			[0.020206,0.613018,5.453465,0.000000,0.000000,-1.000000,0.625000,0.250000,],
			[0.189543,0.613018,5.453465,0.000000,0.000000,-1.000000,0.625000,0.500000,],
			[0.189543,0.295718,5.453465,0.000000,0.000000,-1.000000,0.375000,0.500000,],
			[0.189543,0.295718,5.453465,1.000000,0.000000,0.000000,0.375000,0.500000,],
			[0.189543,0.613018,5.453465,1.000000,0.000000,0.000000,0.625000,0.500000,],
			[0.189543,0.613018,5.622803,1.000000,0.000000,0.000000,0.625000,0.750000,],
			[0.189543,0.295718,5.622803,1.000000,0.000000,0.000000,0.375000,0.750000,],
			[0.189543,0.295718,5.622803,0.000000,0.000000,1.000000,0.375000,0.750000,],
			[0.189543,0.613018,5.622803,0.000000,0.000000,1.000000,0.625000,0.750000,],
			[0.020206,0.613018,5.622803,0.000000,0.000000,1.000000,0.625000,1.000000,],
			[0.020206,0.295718,5.622803,0.000000,0.000000,1.000000,0.375000,1.000000,],
			[0.020206,0.295718,5.453465,0.000000,-1.000000,0.000000,0.125000,0.500000,],
			[0.189543,0.295718,5.453465,0.000000,-1.000000,0.000000,0.375000,0.500000,],
			[0.189543,0.295718,5.622803,0.000000,-1.000000,0.000000,0.375000,0.750000,],
			[0.020206,0.295718,5.622803,0.000000,-1.000000,0.000000,0.125000,0.750000,],
			[0.189543,0.613018,5.453465,0.000000,1.000000,0.000000,0.625000,0.500000,],
			[0.020206,0.613018,5.453465,0.000000,1.000000,0.000000,0.875000,0.500000,],
			[0.020206,0.613018,5.622803,0.000000,1.000000,0.000000,0.875000,0.750000,],
			[0.189543,0.613018,5.622803,0.000000,1.000000,0.000000,0.625000,0.750000,],
		];
	}
	getMaterialName(){return this.gl_material[0];}
	getMaterialNs(){return this.gl_material[1];}
	getMaterialKa(){return this.gl_material[2];}
	getMaterialKd(){return this.gl_material[3];}
	getMaterialKs(){return this.gl_material[4];}
	getMaterialKe(){return this.gl_material[5];}
	getMaterialNi(){return this.gl_material[6];}
	getMaterialD(){return this.gl_material[7];}
	getMaterialIllum(){return this.gl_material[8];}
	getMaterialMapKd(){return this.gl_material[9];}
}
let wf_Cube_001_Cube_020 = new WF_Cube_001_Cube_020();
/*
	Built lovingly with wfparse
 */
class WF_BlockA_011_Cube_021{
	gl_stride = null;
	gl_data = null;
	gl_material = null;
	constructor(){
		this.gl_material = [
			'StoneMaterial.001',
			225.000000,
			[1.000000, 1.000000, 1.000000],
			[0.772455, 0.350592, 0.786381],
			[0.500000, 0.500000, 0.500000],
			[0.000000, 0.000000, 0.000000],
			1.450000,
			1.000000,
			0.000000,
			'',
		];
		this.gl_stride = 0;
		this.gl_data = [
			[-3.889916,0.000534,5.037012,-0.009800,0.000000,-1.000000,0.375000,0.000000,],
			[-3.889916,0.237397,5.037012,-0.009800,0.000000,-1.000000,0.625000,0.000000,],
			[-3.492551,0.237397,5.033132,-0.009800,0.000000,-1.000000,0.625000,0.250000,],
			[-3.492551,0.000534,5.033132,-0.009800,0.000000,-1.000000,0.375000,0.250000,],
			[-3.492551,0.000534,5.033132,1.000000,0.000000,-0.009800,0.375000,0.250000,],
			[-3.492551,0.237397,5.033132,1.000000,0.000000,-0.009800,0.625000,0.250000,],
			[-3.491148,0.237397,5.176809,1.000000,0.000000,-0.009800,0.625000,0.500000,],
			[-3.491148,0.000534,5.176809,1.000000,0.000000,-0.009800,0.375000,0.500000,],
			[-3.491148,0.000534,5.176809,0.009800,0.000000,1.000000,0.375000,0.500000,],
			[-3.491148,0.237397,5.176809,0.009800,0.000000,1.000000,0.625000,0.500000,],
			[-3.888513,0.237397,5.180690,0.009800,0.000000,1.000000,0.625000,0.750000,],
			[-3.888513,0.000534,5.180690,0.009800,0.000000,1.000000,0.375000,0.750000,],
			[-3.889916,0.000534,5.037012,-1.000000,0.000000,0.009800,0.125000,0.750000,],
			[-3.888513,0.000534,5.180690,-1.000000,0.000000,0.009800,0.375000,0.750000,],
			[-3.888513,0.237397,5.180690,-1.000000,0.000000,0.009800,0.625000,0.750000,],
			[-3.889916,0.237397,5.037012,-1.000000,0.000000,0.009800,0.875000,0.750000,],
			[-3.492551,0.000534,5.033132,0.000000,-1.000000,-0.000000,0.125000,0.500000,],
			[-3.491148,0.000534,5.176809,0.000000,-1.000000,-0.000000,0.375000,0.500000,],
			[-3.888513,0.000534,5.180690,0.000000,-1.000000,-0.000000,0.375000,0.750000,],
			[-3.889916,0.000534,5.037012,0.000000,-1.000000,-0.000000,0.125000,0.750000,],
			[-3.491148,0.237397,5.176809,0.000000,1.000000,0.000000,0.625000,0.500000,],
			[-3.492551,0.237397,5.033132,0.000000,1.000000,0.000000,0.875000,0.500000,],
			[-3.889916,0.237397,5.037012,0.000000,1.000000,0.000000,0.875000,0.750000,],
			[-3.888513,0.237397,5.180690,0.000000,1.000000,0.000000,0.625000,0.750000,],
		];
	}
	getMaterialName(){return this.gl_material[0];}
	getMaterialNs(){return this.gl_material[1];}
	getMaterialKa(){return this.gl_material[2];}
	getMaterialKd(){return this.gl_material[3];}
	getMaterialKs(){return this.gl_material[4];}
	getMaterialKe(){return this.gl_material[5];}
	getMaterialNi(){return this.gl_material[6];}
	getMaterialD(){return this.gl_material[7];}
	getMaterialIllum(){return this.gl_material[8];}
	getMaterialMapKd(){return this.gl_material[9];}
}
let wf_BlockA_011_Cube_021 = new WF_BlockA_011_Cube_021();
/*
	Built lovingly with wfparse
 */
class WF_Ground{
	gl_stride = null;
	gl_data = null;
	gl_material = null;
	constructor(){
		this.gl_material = [
			'GroundMaterial',
			0.000000,
			[0.175000, 0.175000, 0.175000],
			[0.256430, 0.782652, 0.107430],
			[0.500000, 0.500000, 0.500000],
			[0.000000, 0.000000, 0.000000],
			1.000000,
			1.000000,
			0.000000,
			'',
		];
		this.gl_stride = 0;
		this.gl_data = [
			[-10.000000,0.000000,10.000000,0.000000,1.000000,0.000000,0.000000,0.000000,],
			[10.000000,0.000000,10.000000,0.000000,1.000000,0.000000,1.000000,0.000000,],
			[10.000000,0.000000,-10.000000,0.000000,1.000000,0.000000,1.000000,1.000000,],
			[-10.000000,0.000000,-10.000000,0.000000,1.000000,0.000000,0.000000,1.000000,],
		];
	}
	getMaterialName(){return this.gl_material[0];}
	getMaterialNs(){return this.gl_material[1];}
	getMaterialKa(){return this.gl_material[2];}
	getMaterialKd(){return this.gl_material[3];}
	getMaterialKs(){return this.gl_material[4];}
	getMaterialKe(){return this.gl_material[5];}
	getMaterialNi(){return this.gl_material[6];}
	getMaterialD(){return this.gl_material[7];}
	getMaterialIllum(){return this.gl_material[8];}
	getMaterialMapKd(){return this.gl_material[9];}
}
let wf_Ground = new WF_Ground();

let WF_Collection_ = [wf_BlockB_Cube_019, wf_BlockA_001_Cube_023, wf_corner_Cube_002, wf_BlockB_001_Cube_003, wf_BlockA_002_Cube_004, wf_corner_001_Cube_005, wf_BlockA_003_Cube_006, wf_BlockB_002_Cube_007, wf_BlockA_004_Cube_008, wf_BlockB_003_Cube_009, wf_flatBlockB_Cube_010, wf_flatBlockB_001_Cube_011, wf_flatBlockB_002_Cube_012, wf_BlockA_005_Cube_013, wf_BlockA_006_Cube_014, wf_BlockA_007_Cube_015, wf_BlockA_008_Cube_016, wf_BlockA_009_Cube_017, wf_BlockA_010_Cube_018, wf_Cube, wf_Cube_001_Cube_020, wf_BlockA_011_Cube_021, wf_Ground, ];

